,business_id,name,city,stars_y,0,1,2,3,4,5
0,-CQokjildrY7UZezXCdEBw,Toddy Shop,Las Vegas,5.0,0.4441633859722783,0.0,0.19189624718506998,0.13030813286090917,0.2336322339817426,0.0
1,-JfncbVURtvuzBbof40o1w,The Cafe at Monte Carlo,Las Vegas,2.5,0.24815841683813997,0.14253148772573457,0.1771654290719892,0.15999009335124034,0.15321030031494245,0.11894427269795346
2,-OEIW0dO96-492qa_luxaw,Aces & Ales,Las Vegas,4.0,0.20010013021310147,0.1370364970374135,0.19775043374545181,0.1630344125941533,0.13572407898314193,0.16635444742673802
3,-PGsEXB6DFTVKa1eDOlzWA,Black Bear Diner,Las Vegas,3.5,0.19819504896737827,0.12182901375179722,0.1959388952653469,0.1677393671056952,0.1890034512893968,0.12729422362038556
4,-SGZcGqnsp_uRIjKP2RGZg,Ranch House Grille,Las Vegas,3.5,0.8200403881602274,0.022364919295762606,0.0,0.011353003544261912,0.0,0.14624168899974815
5,-U7tvCtaraTQ9b0zBhpBMA,MGM Grand Buffet,Las Vegas,2.5,0.2581595763253485,0.10057098086563218,0.17312910753366778,0.1542073469932167,0.18640528692894748,0.12752770135318725
6,-UtYWvCnUppcSaC_u1pTYQ,Kopper Keg Restaurant & Lounge,Las Vegas,4.0,0.37517743749010674,0.024044317579408198,0.0,0.0,0.49585890064749316,0.10491934428299185
7,-Ylpy3VyRWwubf9dysuwjQ,The Cheesecake Factory,Las Vegas,3.5,0.2434495054243782,0.10731027520855896,0.15924480849515468,0.11269455260740145,0.16236450231632651,0.2149363559481802
8,-a857YYdjzgOdOjFFRsRXQ,Beer Park,Las Vegas,3.5,0.265301813202057,0.06803255819819605,0.17211960018777278,0.17830769289617812,0.14906836414679686,0.16716997136899928
9,-kbPPBNsIPDfMfgUGO7QhA,Kopper Keg South,Las Vegas,4.0,0.340477735854878,0.019509224679541557,0.28690993614708127,0.1027094416864211,0.17907220395522772,0.07132145767685034
10,-oUM2uISux96lMGeawHIOA,Sugar Factory,Las Vegas,3.0,0.21069655413857277,0.10239563834959106,0.19465253099069152,0.16122439055748988,0.1741629677178292,0.15686791824582552
11,-qYuPncpK8elgD-6Qx3v7A,Flock & Fowl,Las Vegas,4.0,0.22647979447690023,0.1495726060236108,0.1196532469514396,0.18192590092936234,0.13636330252528084,0.18600514909340615
12,005XmZKuJZuNbl5tGXc5SA,Tony Roma's,Las Vegas,3.0,0.4523591071057178,0.034378850966715564,0.25462495038127037,0.12415174390995788,0.08631327904842499,0.04817206858791342
13,01SiPgdiOskMC5bUJoyy_g,Winchell's Pub & Grill,Las Vegas,4.0,0.09209380709821982,0.03252193103310241,0.1778326154769055,0.16556762564655197,0.20433130944784286,0.32765271129737744
14,0EgYXYjt2XJL4hlsKnzrcw,PublicUs,Las Vegas,4.5,0.3009021082945553,0.035891584979597185,0.19696929766736382,0.148365483262912,0.18526976322772823,0.13260176256784345
15,0Hcks5q-DgJbDlmEWolx4A,Bonefish Grill,Las Vegas,3.5,0.22909926739697123,0.12096315511687447,0.23290445507794968,0.08781465989547689,0.21431021285867727,0.11490824965405044
16,0JmCGyAqAK_yVEuZ0ts16w,Bilbo's Bar & Grill,Las Vegas,2.5,0.16173075075560187,0.19754121909334318,0.23741440413903875,0.030811656948144084,0.06691899190523985,0.3055829771586323
17,0QHMAUi6NdOUZ1ckXq0-sA,Rainforest Café,Las Vegas,2.5,0.23827833457979447,0.12804695313855738,0.1341569016485888,0.17710044664652141,0.18626417915444762,0.1361531848320904
18,0WPXDs4ini3D7jpiy1Daqw,The Market,Las Vegas,3.5,0.1624861018914614,0.11277168445951638,0.11869025249256608,0.2865956490174433,0.25366519541318533,0.06579111672582752
19,0_aeYE2-VbsZts_UpILgDw,Lazy Dog Restaurant & Bar,Las Vegas,4.0,0.23532835406302563,0.08581201151691316,0.21580785800192231,0.13836272730275365,0.15885211806263838,0.1658369310527468
20,0bWLkWeIcT-EnrE7SiGEBA,Laguna Pool House & Kitchen,Las Vegas,4.0,0.2527149914919321,0.12353166136581593,0.10905612348568308,0.18749634475585716,0.19915713195602355,0.12804374694468812
21,0jtRI7hVMpQHpUVtUy4ITw,Omelet House Summerlin,Las Vegas,4.0,0.28524271633247517,0.13355678623647457,0.1827132040635561,0.17233389938309793,0.10920117913140494,0.11695221485299127
22,0p27EjcNwTI7Ey4K_MNPww,Fatburger,Las Vegas,3.0,0.18055488391828872,0.14145837154052576,0.11665124180971087,0.14112765510671194,0.20158003600732127,0.2186278116174415
23,0qPNeqLuKE88rKbIbSZDpg,Killer Shrimp,Las Vegas,3.5,0.22834018991432764,0.12700980997816957,0.17393353702605818,0.1363604787702549,0.15481979890460226,0.17953618540658745
24,0zGeYN8ReYwVj27U7EHOJA,American Cafe,Las Vegas,2.5,0.622844275713954,0.19891313990212378,0.06634260807771787,0.0,0.11189997630620442,0.0
25,0zoXYHq82haayMaV952jEQ,Greens and Proteins,Las Vegas,4.0,0.26974638939865997,0.06568156639700617,0.1594528985476955,0.18572623993738063,0.19038652883802826,0.12900637688122954
26,12f7GOkkC0GZRMif-fidhQ,NASCAR Cafe,Las Vegas,2.0,0.22511600252273858,0.13052822810152123,0.15789767158746149,0.17869542378406797,0.19146781210568278,0.11629486189852795
27,19MbjvDqkPG6dGxr3kvK9w,Foothills Lodge,Las Vegas,2.5,0.2165179941752779,0.004853276409586243,0.3919076816593452,0.10584113992188213,0.13469185962434488,0.14618804820956363
28,1BtNZszIr8LvtPOhN0X4Mw,Gold Mine Bar & Grill,Las Vegas,2.5,0.3646547935170041,0.12242401399328605,0.06901026221000955,0.07471910606304778,0.04091619429726453,0.3282756299193879
29,1CP8aJa8ILlfM5deroar0Q,Wingstop,Las Vegas,3.0,0.23214930964709668,0.10303888055505542,0.16518642203341238,0.22033950275565797,0.10918840492125946,0.1700974800875181
30,1CR2ddUcjYYwRd5JLtiRrw,Hard Rock Cafe,Las Vegas,3.5,0.2155356214097659,0.08787347010982068,0.2013729969560299,0.15686922602362738,0.17665860707379394,0.1616900784269622
31,1CWMNSTRMejdSyXBG2chNg,Fireside Restaurant & Tavern,Las Vegas,3.5,0.246202920172585,0.09080497753847805,0.14284757638303458,0.14434574166162634,0.17349363838041337,0.20230514586386267
32,1Jm-fFPCAD-ZGM2J4HACXA,Pharoah's Pheast Buffet,Las Vegas,2.0,0.01620540264167395,0.08083378858612562,0.3002899418626836,0.37437536970023194,0.21388904964267655,0.014406447566608327
33,1Tak6Q-IlkDrdmLwrEZeSg,Off the Strip Just Real Food,Las Vegas,3.5,0.4726806333527345,0.13075445425819934,0.06520079282708367,0.1569895121714942,0.12087587967148897,0.05349872771899933
34,1Vvxx-9AoINg8TJXOZgEHg,YOLOS,Las Vegas,3.5,0.20934377777763943,0.11189599686519477,0.16611101679484797,0.16990880663979674,0.2105874810880445,0.1321529208344766
35,1WsXLCPRP2EZ9KoBRTkSbw,Pt's Gold,Las Vegas,4.0,0.44722747139555585,0.019809131204279937,0.1909544324034843,0.16562372155102845,0.17638524344565149,0.0
36,1ZhZUzFbbt1gGXDEW3JaBw,Griff's,Las Vegas,4.5,0.22885980284136337,0.004979857364780768,0.3910936037472653,0.06292470005441397,0.2613345598272176,0.050807476164958995
37,1aj4TG0eFq6NaPBKk6bK7Q,Jacques Cafe,Las Vegas,4.0,0.23596346876188473,0.046944979600899946,0.18374460590414307,0.16671941953072217,0.17177680349436145,0.1948507227079885
38,2BbFeotL85cIaBjSq1SWiA,Springs Cafe by Wolfgang Puck,Las Vegas,2.5,0.11139579724714617,0.3438641575577554,0.10332976830471002,0.27205159367233456,0.09392521053974172,0.07543347267831235
39,2LZGeJy8qByYKB71ML-jcw,Rock & Rita's,Las Vegas,2.5,0.20807675467226988,0.0466485437158862,0.2445460177383724,0.1799428897811776,0.11833222223951348,0.20245357185278043
40,2RFe9vDTzyBkF4mvsFDDow,Dickey's Barbecue Pit,Las Vegas,3.0,0.2668598784784698,0.13407544470582222,0.2007458675192318,0.15868692159800585,0.1604622990160954,0.07916958868237499
41,2Wl4o7l54I-EtxtaDpOTzA,Pub 365,Las Vegas,4.0,0.25395343389618397,0.06496508060254107,0.11165255885203154,0.27878291198651817,0.06918839052784778,0.22145762413487755
42,2Y0-nrSZNsLRStyupZgM7g,Courtyard Cafe,Las Vegas,3.0,0.2649189723476259,0.09568384456784575,0.16189557589828968,0.11106691587295799,0.21879948981319405,0.1476352015000867
43,2dCnTMv3Hh-fM8bOjYS4Xw,Nevada Chicken Cafe,Las Vegas,3.5,0.20771913969592776,0.1040763933616984,0.21043653981532945,0.15814116286758484,0.17136908298568138,0.1482576812737782
44,2iTsRqUsPGRH1li1WVRvKQ,Carson Kitchen,Las Vegas,4.5,0.23077712952909601,0.12001176486637917,0.13861108371668324,0.1704982182726693,0.1390298586460484,0.201071944969124
45,2smgOPhpYbDT7G5tbVRdiQ,Burger King,Las Vegas,2.0,0.21540268464640958,0.15774634655271977,0.12095356380751052,0.15416741143691773,0.209330609236904,0.1423993843195384
46,2zSr7jNNWpA-IfD74wOlTA,Pt's Gold,Las Vegas,3.0,0.40374059426628717,0.016403133907464354,0.07691022867388783,0.036830019679839496,0.21580573852415003,0.250310284948371
47,35fWtS1LZkaZ-ooKupJ1XA,Buffalo Wild Wings,Las Vegas,3.0,0.21795896228965225,0.06409645679491255,0.1875856313195936,0.13526504928136676,0.22891775158519392,0.1661761487292809
48,364hhL5st0LV16UcBHRJ3A,Yonaka Modern Japanese,Las Vegas,4.5,0.2192351205155195,0.049569978274177126,0.17308536940551422,0.19145886553739566,0.17797991621658285,0.18867075005081066
49,3BCsAgo_1i4xMuTyLKMLRQ,SkinnyFATS,Las Vegas,4.5,0.2265110841459556,0.05769176029539938,0.16215496159754333,0.13598602012996283,0.20654915356138587,0.2111070202697531
50,3FlWR_osNPb8dcqLgHebHw,Mimi's Cafe,Las Vegas,3.0,0.25659296288699185,0.046878253951709824,0.1778740666434524,0.15475429155548306,0.17648399828469094,0.18741642667767208
51,3PshdJtSwd_poaPL7fIOHg,Counter Cuisine,Las Vegas,4.0,0.043705221725568705,0.6656646806242233,0.047136855685534294,0.07300492977795019,0.15384631991367312,0.016641992273050278
52,3QcTqsdxQBlSndBdMJBRhQ,Freedom Beat,Las Vegas,3.5,0.2636028260073246,0.08108894409943643,0.1586797545307876,0.1828088471271738,0.18261301929623008,0.1312066089390474
53,3X-SMnyYq77IYEnyCp-TtQ,Tropical Breeze Cafe,Las Vegas,2.5,0.16717807774510407,0.059495317850356846,0.2673372055919378,0.12302102984676155,0.1455874977773827,0.23738087118845694
54,3ajqOW9A7VhResA08I7RTg,Hash House A Go Go,Las Vegas,3.5,0.2812745257412161,0.0881590544393398,0.15039265167822743,0.17873973182370032,0.1774036424620357,0.12403039385548073
55,3cg4pKBL8DTFXCtZ5y9V4g,Johnny Smalls,Las Vegas,3.5,0.3059684270365281,0.03313140968126852,0.23563008444163439,0.14995607118209625,0.15289905150275973,0.12241495615571305
56,3fPIRTnBhd81MixgS9YoMQ,California Pizza Kitchen,Las Vegas,4.0,0.343124236376689,0.06827962763324447,0.1308029253986207,0.08048244859725391,0.21410084988218134,0.16320991211201064
57,3kdSl5mo9dWC4clrQjEDGg,Egg & I,Las Vegas,4.5,0.22695119529396554,0.10738792592418382,0.1940934607416456,0.14432021249900054,0.17749813227103206,0.14974907327017245
58,3pSUr_cdrphurO6m1HMP9A,J Karaoke Bar,Las Vegas,5.0,0.0659864002479744,0.07168603474335794,0.22078115956197572,0.23027427974749462,0.3230754095333353,0.08819671616586199
59,3rj1qpgFvkRWtAka17mhEQ,Mimi's Cafe,Las Vegas,3.0,0.1814755518034485,0.09676169380570028,0.1804782654210742,0.16916680091531963,0.17730621548182748,0.19481147257262985
60,3s8PNggIbgeSsjqM6HKOCg,The Verdict's Inn,Las Vegas,3.0,0.18912304740806443,0.036303757001209164,0.15281567673377194,0.25913327625660704,0.2141568003711144,0.14846744222923305
61,3tBRBsiTi6JJz3CJ7DcS_w,Skinny Chick Fat Chicken,Las Vegas,4.0,0.5616266972723004,0.0,0.140028696125082,0.0,0.29834460660261763,0.0
62,44kd3YdkhXj5XiSPs5XNjQ,FireRock Steakhouse,Las Vegas,3.5,0.215919630590345,0.11817463617177631,0.18650004380467708,0.1474575227474708,0.2062958120475695,0.12565235463816118
63,46UHF46E1z-W2dOmhv-Fng,Pt's Pub,Las Vegas,2.5,0.22234242212982233,0.012934637522509736,0.17506829704852248,0.2013691643274561,0.1693186295650848,0.21896684940660457
64,4GXII-GU7S0ZyU6ElkhscQ,Hooters Casino Hotel Las Vegas,Las Vegas,2.5,0.25750639130769903,0.0889213616786586,0.17700166014927535,0.16141761005466274,0.15600492618061493,0.15914805062908943
65,4QmwJBk9VPKyO2DfUeIVWg,Tommy Rocker's Mojave Beach Bar & Grill,Las Vegas,3.5,0.2889346941371281,0.13608875526697925,0.16225296284984703,0.2134913408392826,0.0237048386881905,0.17552740821857263
66,4X0KWUPcD2EkHN83aa4cXg,Blondies Sports Bar & Grill,Las Vegas,2.5,0.21526516254019054,0.07244155810265554,0.17812198681111047,0.12784534076418103,0.19855443308680976,0.2077715186950526
67,4d9BIUYJwAsMfMrH_0vdDQ,TGI Fridays,Las Vegas,2.0,0.10158766964387922,0.49626876964380245,0.05586461909898562,0.18322232140717556,0.06869342288287376,0.09436319732328347
68,4qG3Gh8QyugC1XvoTlmgcQ,Egg Works,Las Vegas,4.0,0.27059589685889124,0.08985269480002385,0.20824251918584313,0.13460792653295137,0.18403089739120224,0.11267006523108812
69,4v5ZLpmNn13Mze1w_XfWHw,Harley-Davidson Las Vegas Cafe,Las Vegas,3.0,0.23292610736516473,0.10092191356406696,0.12302258826537872,0.21285131983185795,0.14975163223672652,0.18052643873680507
70,56Yb9IgEREFeaSjJ5Y3RVg,Huffman's Homemade Chicken,Las Vegas,3.0,0.2432465660766295,0.07603632739947462,0.16921226473984144,0.1846872577327726,0.21079761965397062,0.11601996439731116
71,5D3cAYturwbEqnj52b1Tmw,PT's,Las Vegas,3.0,0.38643216701305905,0.025047098065013776,0.26291049640331454,0.17586848796134213,0.1473719207570664,0.0023698298002041134
72,5XORYO9raiXVZSGGPvjSmA,Kopper Keg North,Las Vegas,3.0,0.2734524308610819,0.09859886650447365,0.1772635530746635,0.13445961742968557,0.27685396484523744,0.03937156728485786
73,5_MrPFw9E0cMJ1Q0DJFZOQ,Tilted Kilt Pub & Eatery,Las Vegas,3.0,0.19914341925959986,0.12862423406135143,0.18868941401137168,0.14267729061119297,0.15564110526024946,0.18522453679623452
74,5fSz08wFcBhCeCXh7sxG5A,Runway Cafe,Las Vegas,4.5,0.19043403905482392,0.0,0.0,0.5819488736008934,0.11742552275371024,0.11019156459057243
75,5gZ4k_mdDOcEmCG4wHVH-g,Rhodes Ranch Club House Restaurant,Las Vegas,2.5,,,,,,
76,5iSlHNIy3RLbCP5AayB31g,Ruby Tuesday,Las Vegas,3.5,0.27183517758177583,0.09016993462891645,0.07908537668649637,0.20751242213773938,0.19322246418678102,0.158174624778291
77,5jTmjxb1X34EfcY1gos4tw,Fatburger,Las Vegas,2.5,0.24602678619060833,0.09418739008912683,0.2052226323356005,0.16553879353931839,0.17072174440909976,0.11830265343624614
78,5l-yKN13VwfPwuSiBIqdJQ,Farmer Boys,Las Vegas,4.0,0.3614996922773937,0.05264400954411208,0.12467333051744965,0.37158789973638817,0.055145436515637934,0.03444963140901844
79,5n2dA_QqO4c_7pSK0Of6AQ,Fatburger,Las Vegas,2.0,0.28349974590729643,0.12961129556205686,0.05796673742892089,0.14056156449520446,0.15810270189898495,0.23025795470753638
80,5xYk23lz0ktdMvzHtohymQ,Village Pub & Poker,Las Vegas,3.5,0.16446851846503435,0.039754577928246576,0.32866635676372585,0.2471004470190652,0.1732890215646973,0.04672107825923076
81,6-gRHn1n11ATqWBrFTLnNA,Great American  Pub,Las Vegas,4.0,0.17404240982641642,0.0463056934400002,0.0720068036338442,0.6210117978131398,0.0,0.08663329528659942
82,63Qj5E-GzHJ6vhjhGR4XDw,"Ringer Wings, Pizza & Sliders",Las Vegas,3.0,0.24173395485957475,0.08357728682843545,0.19528119148776568,0.0982361582849213,0.1162659369555909,0.2649054715837119
83,66jwLkSd6M0cZulZrA3zcw,Applebee's Grill + Bar,Las Vegas,2.5,0.2056579938958493,0.06522640337641306,0.22233554436296116,0.23889182855517982,0.14936244925107603,0.11852578055852064
84,679eSYC15Sc17TN9Djj8sg,I Love Burgers,Las Vegas,3.0,0.20750550410658186,0.10464004677782666,0.19577971137872302,0.1624243242542229,0.18667618097310065,0.14297423250954494
85,698nukvxe7mq2Fra5vDikQ,Rise & Shine a Steak & Egg Place,Las Vegas,4.0,0.2220086789609054,0.1003826763528636,0.19411864890723748,0.15589328306334604,0.13806453005505148,0.18953218266059607
86,6HdzmAatFoB8UDep4n9QIw,IHOP,Las Vegas,3.0,0.25881626177886613,0.06119374558779108,0.15516621555207344,0.17087921853445176,0.2249521365839034,0.12899242196291436
87,6MpOzb5ImLdDXHsn4HwI-Q,Embers,Las Vegas,4.0,0.3275749521695666,0.030375681530628886,0.15131584011981308,0.27722348516300593,0.07776789210649908,0.13574214891048644
88,6TvB1PZCY1Ap2S-yNJPs4w,Hooters,Las Vegas,2.0,0.23522342489844056,0.102226725503673,0.20748534364960255,0.12910529599281362,0.2090021542926035,0.11695705566286668
89,6W3hdaCjx_n1kADEuORduA,Bonnie Springs Restaurant,Las Vegas,3.5,0.18353935021691029,0.1178587128255232,0.20998986702524206,0.21428038506579858,0.15801330594493507,0.11631837892159082
90,6beJGNWviNq_VbODEULexA,Cafe325,Las Vegas,4.0,0.046371914503889826,0.0,0.298442537113714,0.11050943355835771,0.35019409952460934,0.19448201529942918
91,6fz0hnNIVpLF5v2NqJfA9w,Babystacks Cafe,Las Vegas,4.0,0.17433207903421108,0.11047086120175259,0.19031399821419648,0.19924615325697445,0.19348074552101127,0.13215616277185419
92,6xBgaXrAlH5KMIW-GPSUzQ,The Underworld Grill & Bar,Las Vegas,3.0,0.11359394478214152,0.15677380336473445,0.43179223977930786,0.03859058347756195,0.24923011652291283,0.010019312073341278
93,6yynJxXqG8x9k9wrSvLAEw,Tahiti Joe's,Las Vegas,2.5,0.16250739448895238,0.16406229273172337,0.15720947616746864,0.1883482573998342,0.13008913363085114,0.19778344558117023
94,71bwX-tbmq4su8H7Q9oLOQ,Pt's Gold,Las Vegas,3.5,0.3185296357742118,0.05286278105542437,0.10900599865489942,0.17319075552679797,0.06614914709406243,0.28026168189460404
95,74pWjFssgqyhaVg-YCUo3A,The Cracked Egg,Las Vegas,4.0,0.26618170994086127,0.011816483762953018,0.19144140598732728,0.28186570210047335,0.16510704150285113,0.08358765670553399
96,77AfVfvvjfQXslusY8QElg,La Jolla,Las Vegas,3.5,0.031014011184554706,0.0035276611453384545,0.41877033550770304,0.16662187634729558,0.21527389843713718,0.16479221737797103
97,7B4ZXiaDDcg04_N1A0DG9A,Cadillac Ranch,Las Vegas,2.5,0.18847639092905322,0.19607750302791227,0.18987049121532878,0.2077890470958287,0.1025325312750768,0.11525403645680016
98,7EZ4Eu7YJ1ltRCC5jXFJrQ,The Buffet At TI,Las Vegas,2.5,0.2587124742063098,0.09849939907507144,0.16742464072581803,0.16871615518004754,0.15970012128050678,0.14694720953224644
99,7IkSGKKiWhfkXQBCT8EOgA,Brentwood Cafe & Tavern,Las Vegas,3.5,0.2013117589452741,0.07194452614079141,0.1345037970779768,0.18479650932740738,0.20224399450659003,0.20519941400196023
100,7RidnmyYyH0cfcX2x7buag,Siena Bistro,Las Vegas,4.0,0.2659492331775748,0.0,0.28713195351832277,0.14781817665778005,0.17922271116408922,0.11987792548223317
101,7Wr0piSMGiq5qy5opiLNrA,Cabana Grill,Las Vegas,3.5,0.20785134336498368,0.2121652300531276,0.2031316883146371,0.12307801328204747,0.033934778289534576,0.21983894669566947
102,7Xw_vv-ekUL2sTqipnKT0g,Buffalo Wild Wings,Las Vegas,2.5,0.26340154257706705,0.08501413172405975,0.1882878686215769,0.17060665712587264,0.15473173790898115,0.13795806204244246
103,7hXWFtmoJHz63SD8k56a_Q,Putter's Bar & Grill,Las Vegas,3.0,0.17729969625017905,0.09457382328421328,0.23212740916356864,0.12610980458572218,0.15091830927123548,0.21897095744508138
104,7nRlDLrob6oK5zmGo4Vpbg,Blueberry Hill Family Restaurant ,Las Vegas,3.5,0.20664427375500488,0.10528046566543783,0.18115169133238584,0.14370434125178352,0.13268466395094966,0.2305345640444382
105,7njZaRjDXi8anBaGlGQu4g,The Lodge Cactus,Las Vegas,3.0,0.2420924550828828,0.14916712125559317,0.1217769752715549,0.139204075501433,0.18199943087661677,0.16575994201191926
106,7sGcBZwkD4yFLiBLS1WKgA,Presto Cafe,Las Vegas,4.5,0.2246394964552233,0.08925953699889183,0.21296158650434924,0.14796369707648893,0.19966995271382715,0.1255057302512196
107,7sPNbCx7vGAaH7SbNPZ6oA,Bachi Burger,Las Vegas,4.0,0.26384378707219,0.07083645093574335,0.18483258101164443,0.14132724357669038,0.1777852560154634,0.1613746813882682
108,7xEgy2btCKLdTe1vD14ABw,Johnny Rockets,Las Vegas,3.0,0.3326851235808706,0.05535376980710646,0.20170204234771694,0.15796456350567809,0.17265212788934292,0.07964237286928498
109,7xXaO9deBDh_dd0JQjA-Qg,Claim Jumper,Las Vegas,3.0,0.25343669510471745,0.11351391310203919,0.16686871067501782,0.16010844444762387,0.16845079967808993,0.1376214369925118
110,80Lkm305ZOkQdMEIvOy_lw,TAP Sports Bar,Las Vegas,3.5,0.2633417897919804,0.1101943895509581,0.1868732040814856,0.08704120611850975,0.18856446258630605,0.16398494787076
111,84DjKzaR26vphu9fNI9nKg,Sierra Gold,Las Vegas,3.0,0.18339552765532663,0.13559726193795463,0.19056187135695743,0.1541428483718947,0.12299902664454311,0.21330346403332354
112,86stmK3Vm2f5W6PdyvuLrQ,Applebee's Neighborhood Grill & Bar,Las Vegas,2.5,0.1749238225938565,0.10240879991888997,0.13300798207835532,0.271784981393673,0.16598094207614553,0.15189347193907976
113,88vF_9_X9dJwZ7w-hwtMow,Lucky Streak at LAS,Las Vegas,3.0,0.26983732893620266,0.007840507801276847,0.10252572494576041,0.18742345144899802,0.28485256213392784,0.14752042473383423
114,8J4oT58-Nc-q1bpF9CRTpw,Applebee's Grill + Bar,Las Vegas,3.0,0.29375381384622873,0.08901561776862071,0.16560336858193278,0.1307958946956991,0.16942827659782675,0.15140302850969184
115,8Q6jl7OW8DZzwANggDspcw,Sugar Factory American Brasserie,Las Vegas,3.0,0.23927589166576993,0.07580859744369423,0.18249627896427043,0.14688554500293857,0.20224475819095838,0.15328892873236838
116,8RFT1woy0WnTp62ndVJgow,The Blue Skillet,Las Vegas,3.5,0.26358434425788907,0.07517461452250618,0.12753777980089884,0.2135595891448632,0.1734739831278069,0.14666968914603576
117,8SWZLawwzqwzbXpGQS7gBw,Della's Kitchen,Las Vegas,3.5,0.21508641303589054,0.11631591456214237,0.1702900538057495,0.16142189904667223,0.1853227686216796,0.15156295092786565
118,8aRk2nVmVvhfNFW9TcsUfA,Cafe Siena,Las Vegas,2.5,0.19811563543480606,0.052700713205807125,0.22865800685745732,0.12121457474666422,0.2704351967614684,0.12887587299379688
119,8b5ll2kjXfjgFIqWsjkr8Q,Seabreeze Cafe,Las Vegas,3.0,0.20843635840889405,0.06737195483529368,0.14258538527656944,0.14433406106733793,0.18632577232000855,0.2509464680918964
120,8bYXg27QEoAx7us15eIL5g,Applebee's Grill + Bar,Las Vegas,2.5,0.25527286867810767,0.13795738682221642,0.12973153968695336,0.1493866058069702,0.179144528364779,0.1485070706409733
121,8fjF2NIPSM0Ar1hed2tdog,Gilligan's HideAway,Las Vegas,4.5,0.187510447283434,0.07819925389358881,0.0,0.3134143966497743,0.0,0.420875902173203
122,8hAGLM_ZQa4CFhzvVcLczQ,Salt 'N Pepper Southern Comfort Bar and Grill,Las Vegas,2.5,0.24801444542714482,0.030291859364003006,0.09756340393055099,0.13401145152083446,0.22398196575314386,0.2661368740043228
123,8nDEOGVVvReXFJ2zjPh4Pw,Denny's,Las Vegas,2.5,0.23685560187356686,0.14260921566074722,0.19193522961798848,0.07680031594418306,0.16181100259721484,0.18998863430629956
124,8ovqtunN8zGdCbYi-MCTAQ,Pt's Gold,Las Vegas,3.0,0.23819993968736683,0.11143246771886467,0.16192541378572423,0.003999816979341579,0.23485483030783985,0.24958753152086283
125,8wt-saX_qXaqVCXQHc5qXw,Sporting Life Bar,Las Vegas,4.0,0.3205948620648261,0.13871829309728015,0.1398011796618549,0.15135323187383398,0.19404649521345568,0.055485938088749145
126,9-cVW8wSRoE6Nmnc7v0uUA,Pantry - 24 Hour Kitchen,Las Vegas,3.5,0.1997829264990167,0.14654222608557746,0.177603483975128,0.12535457744916773,0.19550617799048065,0.1552106080006295
127,94BEy7wGKmrOC7sjSHMisw,Charlies  Lakeside Restaurant & Lounge,Las Vegas,3.5,0.41313936663320483,0.024759044086568007,0.15774002012156865,0.10271301130633148,0.14623728875791298,0.15541126909441413
128,9Jc3W0aR9Xf2gcHI0rEXsw,The Garden Grill,Las Vegas,3.0,0.3247271970741578,0.08044528398008091,0.24746408288630997,0.09571802373560614,0.11776725714213615,0.13387815518170906
129,9QtHDX71JnaQbmzWWVbi-A,Quark's Bar & Restaurant,Las Vegas,4.0,0.12407034853842307,0.17187065438587623,0.05909292591373277,0.5499922148983655,0.05303624407556334,0.0419376121880391
130,9c3LlXubVkbMwIrS8dIp0Q,Ribs & Burgers,Las Vegas,3.5,0.2747014238589844,0.04770701491064596,0.1739225365227224,0.1660108657890923,0.21493143889004343,0.1227267200285116
131,9cw870n3gsGikVoOT5YOYg,Pier 215,Las Vegas,4.5,0.27128737968839034,0.07019119731673422,0.1836949870297784,0.09664697048167946,0.18649125675488348,0.1916882087285341
132,9evRrJHVWghiv16EOUg6zA,Mountain View Bistro,Las Vegas,4.0,0.22977812036596335,0.08498814643463715,0.1603015368100985,0.251785480240978,0.19006493356897217,0.08308178257935088
133,9hEPwq1GmU1dp3ZyBB9ASQ,Pt's Gold,Las Vegas,3.0,0.19169375802471011,0.14054207150840234,0.13205457923341227,0.16847899412983125,0.14993050544633235,0.21730009165731162
134,9iCgfQ7ffWtroHbde7q-pQ,IHOP,Las Vegas,2.5,0.21642927265926878,0.11009543935818528,0.11448681877502373,0.16203279833782605,0.25633194324532854,0.14062372762436756
135,9jPb9kD6UBk4aVEgaizaoQ,Cafe Cortez,Las Vegas,3.5,0.25912125230067823,0.09108287355219799,0.1233350332243117,0.2245537548999056,0.11685415252386652,0.18505293349904
136,9kPbAt95kECBGGi_e5yV0Q,Modern Proteins,Las Vegas,5.0,,,,,,
137,9uRrzqQaq9XwW9lLj7oBxw,IHOP,Las Vegas,3.0,0.23370121647009465,0.11031946427765749,0.17861570847556085,0.11874743343062845,0.2816946112247592,0.07692156612129943
138,9wUIxdYz-CCpGRLu9BxJdg,South Philly Steak & Fries,Las Vegas,2.0,0.22008996779407192,0.15381496447804344,0.21256061405688326,0.13103299563662218,0.2104565970030828,0.07204486103129644
139,9wxxjUKdaiWeK0fGxSYhzQ,Raffles Cafe,Las Vegas,3.0,0.20906366677676536,0.10113480351443288,0.17308354042524288,0.19267448369974055,0.15864214390106499,0.16540136168275338
140,9xAQPtjOf92wLjMHPWYEpA,Cili,Las Vegas,4.0,0.20674211770328466,0.2708922533047904,0.18150634487049291,0.07729740459208692,0.0023543761416362986,0.2612075033877088
141,A5Rkh7UymKm0_Rxm9K2PJw,Yard House,Las Vegas,4.0,0.2218969052061419,0.11399854113677525,0.18115460671472913,0.17696003783045866,0.17905394276260933,0.12693596634928572
142,A9B6jSj2FvIsK5gpDBXbCw,Jake & Eli,Las Vegas,4.0,0.6135209705337926,0.0,0.30552077679139944,0.0,0.08095825267480788,0.0
143,ABJjxuO6oh5D9R48-eAUdQ,The Buffet at Luxor,Las Vegas,2.5,0.22986674511063948,0.09345717326226381,0.18144844853015354,0.15790336674190306,0.17211634810923224,0.16520791824580802
144,AKBSPjk_H_w8RCqCE_vUuA,Paradise Cafe,Las Vegas,3.5,0.4183919697788005,0.022965212365014594,0.001689579199731112,0.25186875698450695,0.14594119593744986,0.15914328573449696
145,AL5YzikrmxwcBzBNLGO7Jw,Fuddruckers,Las Vegas,3.5,0.26344165016658705,0.1233781249229356,0.1344054531719773,0.14377261544636316,0.1947891140724518,0.14021304221968506
146,ATGZLAWudXt5hQXQ1AVGDQ,SG Bar,Las Vegas,3.5,0.2923763903272207,0.05797595534111258,0.21228510589162408,0.11090710817329134,0.2398225595501021,0.08663288071664922
147,AdNbLQQWgR28-GWU0G-qJw,Denny's,Las Vegas,2.0,0.34325218378964506,0.04643890430072335,0.14235163905563844,0.1599223394509803,0.1840953422914069,0.123939591111606
148,AedKwfr0VdNj7Xmx70GW6g,Old School Brewing Company,Las Vegas,3.5,0.2480347171882674,0.029675022177115356,0.17880005502607896,0.14633212106346571,0.20020104109745865,0.19695704344761406
149,AjWFFZN8KwyqJzzi0DyEsw,Burger Brasserie,Las Vegas,3.5,0.2732216490062022,0.0836546654233073,0.18345285190999316,0.12714636240127303,0.1447528548037999,0.18777161645542434
150,AkG4ozbKUgjDk8-Mmywsxw,Timbers - Lake Mead,Las Vegas,3.5,0.2808094730080787,0.02449060672243777,0.2175395879497104,0.17399990491003622,0.14228146718681897,0.16087896022291806
151,AmJ0GFlYCAap-vGYxv-OJQ,Rocky's Bar and Grill,Las Vegas,4.0,0.28811979217488487,0.062280543111043266,0.19643888578216562,0.16331132736321746,0.1334491880065679,0.15640026356212094
152,AnXovUgUHJap3QaDRnjL1w,Blueberry Hill Family Restaurant,Las Vegas,4.0,0.1909161195300755,0.07067906909339287,0.18395252678679663,0.18772491044891987,0.19019914149927247,0.17652823264154277
153,AqfEIxefqdArIWf9YUVAtQ,Omelet House,Las Vegas,4.0,0.3086696945602114,0.0897556684251046,0.047792686799995064,0.19674752944745016,0.1630073390312674,0.19402708173597139
154,B7wVtgjOxkFNOoD6S11Urw,Flowing Tide Pub 6,Las Vegas,5.0,,,,,,
155,BB-Ab0rwYk6aclOn9SMVmg,Blue Dogs Pub,Las Vegas,3.5,0.5319768838552316,0.16881323270000073,0.01960944618372563,0.10787574166022533,0.12647889941307122,0.045245796187745414
156,BCAw9a_kyx2RddRH9tMmKQ,Mr. Lucky's 24-7,Las Vegas,3.5,0.25688356827556347,0.07816220252417345,0.1896887271966225,0.14703309463542352,0.1831453142211245,0.14508709314709256
157,BIwjYT9nqbkF7kbzne-tmQ,Wolfgang Puck Express,Las Vegas,2.0,0.19584337789013004,0.21838300616929157,0.17299610969204154,0.0,0.24169167538704903,0.17108583086148785
158,BN_GVKaX0jnaVI4Ar1iV2w,Straight Up Gaming & Martini Lounge,Las Vegas,3.5,0.24307708730313454,0.019415369053953507,0.09201041134163664,0.19835922948866624,0.4471379028126092,0.0
159,BOMgSyi4-TYAnjVn3m0z3A,24 Seven Cafe,Las Vegas,3.0,0.2783333444466369,0.0669815029338275,0.1682746705265232,0.16172877948503858,0.16554576564383183,0.15913593696414205
160,BORPULADzZV6_LJZzcsywQ,PBR Rock Bar & Grill,Las Vegas,3.0,0.26486583943452996,0.07871367385661925,0.1940672861538791,0.1394990645147974,0.18017127767896082,0.1426828583612137
161,BSDKbSLFO3CP-uhfcuUCkA,Dave & Buster's,Las Vegas,3.0,0.2426537863362772,0.12331869664312475,0.17641496924221164,0.12963238476213892,0.19057972446289015,0.13740043855335735
162,BfBl4TKaTrfrZY-yGSB1jQ,Johnny Rockets,Las Vegas,3.5,0.36018939923151416,0.04255812748755142,0.1869960848664677,0.07934280146455866,0.2235532390170116,0.10736034793289648
163,BhueLLvA0k9G1Lr0WeZX9w,Café Zupas,Las Vegas,3.5,0.2241858915366032,0.11789464290892708,0.17656712201267968,0.1635735261519715,0.13315508031187254,0.1846237370779461
164,BjS35X3-_-9TP-RyfzoC_Q,Hometown Eats,Las Vegas,4.0,0.2736869401286198,0.07540935760694989,0.1401430956795343,0.10190180235039013,0.20580694483211365,0.20305185940239232
165,BjoG1A78mIEl6on-HNSilw,The Triple Play,Las Vegas,4.5,0.0,0.00409060280123994,0.0,0.019241162005120008,0.9373059446132596,0.039362290580380384
166,BnpuVvPy3sfLlkqKCx6Xnw,Grand Cafe,Las Vegas,2.5,0.25840387188858105,0.10305178327054887,0.18719239343250282,0.17045010107590353,0.1658617689933769,0.11504008133908683
167,BslEhCyzaQPfpHtDogb4hQ,Brooklyn Bowl,Las Vegas,3.5,0.2219199558983101,0.11698006179230351,0.16287664265690902,0.18184078089051353,0.15909264251749344,0.15728991624447033
168,ByYn1vNlI6MY_ZNoaH8eCw,Pegasus,Las Vegas,2.0,0.1790182992167327,0.04892454002436233,0.07594996896934117,0.06634307948204417,0.15539651573488744,0.4743675965726321
169,C9ImzBi5fn742ZcAYDww2A,Rise & Shine - A Steak & Egg Place,Las Vegas,4.0,0.27177282222734034,0.08012757551228539,0.14253761979159202,0.1643723988332104,0.1821974740206133,0.15899210961495866
170,CBb7z-MTbkzBvsUHBDqxEg,Tony Roma's,Las Vegas,2.5,0.23331896117183032,0.14280252871908453,0.1745740968103038,0.13992695353308546,0.17327589062274357,0.13610156914295227
171,CO5ofU1HQIBf1KWvb5ysLQ,Shake Shack,Las Vegas,4.0,0.3340954284449432,0.1670550400219806,0.17340946305776767,0.12338350621332797,0.18651006686161326,0.015546495400367257
172,CXxJkD62XtDrt3pRYNDspg,Johnny Rockets,Las Vegas,2.5,0.24219812968737672,0.19744044628597607,0.23251440066856824,0.08119209038828708,0.14869243324407846,0.09796249972571344
173,CZF9Nm8CFY2R9ZhfwYIARQ,Giuseppes Bar & Grille Las Vegas,Las Vegas,3.5,0.2229124587240131,0.07675996258301593,0.18308849365730195,0.14057799828408646,0.2098413181921179,0.16681976855946468
174,ChQmxnYLSVIQkL8Ct8z55A,Oyster Bay Seafood,Las Vegas,3.0,0.25017975636745976,0.10427089381757773,0.14892167153475006,0.2134689224732362,0.13010648428457625,0.15305227152239997
175,Cly7wJhbXIDID_quND01_w,Flower Child,Las Vegas,4.5,0.18039737977207188,0.07234228887742668,0.29105060149522743,0.15674344891060377,0.10198249393628497,0.19748378700838515
176,Cni2l-VKG_pdospJ6xliXQ,Burger Bar,Las Vegas,4.0,0.2507327169519577,0.1008593416176105,0.15855102339429358,0.19512656008576526,0.16699022623666837,0.12774013171370457
177,CxE5OE_t29h_wqqK1BsoFA,Johnny Rockets,Las Vegas,2.5,0.19233512645973272,0.062378183126115774,0.21336441938116396,0.2429351051039727,0.18151189444835933,0.10747527148065544
178,D9z7LXFn88Fp4nt4ovO1KA,New American Sandwich Co,Las Vegas,3.5,0.29695159718048153,0.09397138643803947,0.24861457501859854,0.0637769657630619,0.1801211769631937,0.11656429863662492
179,DC3Uyai-vCCUgMmMvLESlw,Home Plate Grill & Bar,Las Vegas,3.5,0.14331606767817948,0.11907111081132118,0.1205619311442998,0.1910549080016029,0.0723294014365458,0.3536665809280508
180,DFb1yJLwBx5M48mP4jhAOQ,Dewar's Clubhouse,Las Vegas,1.5,0.05938635099176444,0.27237604215405586,0.1369010096738866,0.3870857168307459,0.0,0.1442508803495472
181,DVJkxZkLKS76Khb2y6XA6A,ProteinHouse,Las Vegas,4.0,0.187810426446135,0.08954183698983217,0.20638238448376095,0.2146722998310685,0.1455347665898489,0.15605828565935448
182,DXYhrg9EXuW8n5QMnCoHAg,Burke in the Box,Las Vegas,2.0,0.24759097010277364,0.08695917213712166,0.13172350182154544,0.16337279445687422,0.2076109805775097,0.16274258090417548
183,DbEszO3wk1xVmN3pCPob2g,Jamms Restaurant,Las Vegas,4.5,0.24201984354522577,0.09660621342609313,0.16909923057605594,0.1314020054826196,0.20501507596288365,0.15585763100712183
184,DkttCY9pgiJfpPt7MrB2KA,Rendezvous Wine & Dine,Las Vegas,3.0,0.2791140876638851,0.0034888265217036564,0.21672920466170686,0.2643027586770938,0.10959211902766137,0.12677300344794917
185,DnalbBqgX7afqSYgO5R8iQ,California Pizza Kitchen,Las Vegas,3.0,0.2570294557150672,0.06251155754696688,0.20259299347727178,0.13969825768474892,0.2055898553851895,0.13257788019075575
186,Doqz6-NiXEPhr28koWESKw,Grand Café,Las Vegas,2.0,0.24148686364830171,0.1350106350432283,0.19052930051608422,0.10033365087255151,0.15744696963256763,0.17519258028726675
187,E-3LCDxXg8ojxDe4c7VZ1g,T.G.I. Friday's,Las Vegas,3.0,0.22097156411195407,0.07371252168081871,0.2579593210569148,0.16036247740992754,0.26877591279586455,0.01821820294452031
188,E67gGK8yOn9kkNzx8FzQKA,Buffalo Wild Wings,Las Vegas,3.0,0.2563473415692343,0.0552664165225572,0.23290786517433967,0.17322089196287532,0.14491898313885815,0.13733850163213546
189,E7WzNqwMMifJkPZtuKOgRg,Eat Summerlin Proper,Las Vegas,4.0,0.1918853153528831,0.014670618985543237,0.21886645649534156,0.17183388487042442,0.28024924481936525,0.1224944794764425
190,E9Bq0UKtg3tB1yr2QXZ0Dg,Waffle Bar,Las Vegas,3.5,0.28002707820179334,0.08722212556461324,0.14775843068939987,0.14718102212845036,0.15517029888535247,0.18264104453039082
191,EPKg3b0BK20-VKmzrP2W-A,Savona Bistro,Las Vegas,3.5,0.22964725821949972,0.03649731895521237,0.12128749909866485,0.251176430305163,0.1836335354258278,0.17775795799563224
192,ET8WuErpImo0zxS673gLxw,Rachel's Kitchen,Las Vegas,4.0,,,,,,
193,EcsUxHW1keLUl5w-3ZEbAw,Dickey's Barbecue Pit,Las Vegas,3.5,0.26051677394029665,0.0607434578538883,0.15035432714119515,0.1729969209479864,0.18543833679468422,0.16995018332194922
194,EdIFp1tdPi1267hm3da6Nw,Ellis Island BBQ,Las Vegas,4.0,0.317791465782674,0.09193557796958486,0.14665372590306547,0.23516381818088702,0.088199533282156,0.12025587888163261
195,EqUlVPI8t9A96BIvWdW1pw,Joey's Tavern,Las Vegas,3.5,0.42726095898071664,0.0,0.15479080255028144,0.229940568999916,0.17911503347546787,0.008892635993618054
196,Er8DpPwf_lHHv64ncWhD8g,The Henry,Las Vegas,4.0,0.25200846765261553,0.06922098283180826,0.21087682179107964,0.15399067602088992,0.21361543689060752,0.10028761481299907
197,Erj_jPPdF3IupgNS1Yfm4w,Bentley's Bar and Grill,Las Vegas,3.0,0.23345536490076954,0.2064913445336407,0.3005027394827113,0.13717983591646776,0.07021567504175719,0.0521550401246535
198,FAiZp6pLY5l9JITMQPASbg,7th & Carson,Las Vegas,4.0,0.26467851994545016,0.04813589409325822,0.18747915230740528,0.2528823319252998,0.10415552469902556,0.14266857702956098
199,FMnH5WIRLyexBYMBUUnDxQ,Hearthstone Kitchen & Cellar,Las Vegas,4.0,0.28638972489083686,0.08858238608615673,0.14985418376622509,0.17615087137852797,0.1796933900613162,0.11932944381693718
200,FT99KLluYZA7vFZEIypIwQ,Fracos & Froccs,Las Vegas,3.5,0.22860189832886169,0.05836127943637278,0.037969953893536225,0.08732787104494336,0.318760544073954,0.26897845322233194
201,FWBWBnM2zjycBI7QrayklA,Johnny Rockets,Las Vegas,2.5,0.1696063404344497,0.08064690247179958,0.24313815133746686,0.0726124149152579,0.3395737736142432,0.0944224172267828
202,FfG8twx5K18y268Gp4dSKA,Hooters,Las Vegas,2.5,0.2551920671652585,0.10556207449694917,0.18688438539597158,0.14180591548684282,0.14921339635371952,0.16134216110125849
203,FfHpj1QcW510pA3CS354xw,The Coffee Shop,Las Vegas,2.5,0.29300943905709753,0.05165401151655185,0.1996630666847181,0.15928774282151575,0.16760759915609116,0.12877814076402547
204,G54fcIaoI89tc6X285suRA,DD'Coffee Shop,Las Vegas,3.5,0.2500232768385273,0.10216744325812117,0.19307824782164584,0.2780569230554967,0.08739916205005119,0.08927494697615777
205,G55C2JCteYQGnpCP6gMswg,Moondoggies,Las Vegas,3.5,0.30406151364031114,0.024814798834680105,0.2765922721075564,0.08264289058738766,0.15371341306517872,0.15817511176488602
206,G58YATMKnn-M-RUDWg3lxw,THEcafe at THEhotel,Las Vegas,3.5,0.14460762103241062,0.12057621090752331,0.10299794947783442,0.15215606316094357,0.3772502256935645,0.10241192972772359
207,G6BwYw_0_atLPTzI1uokIA,Nacho Daddy,Las Vegas,3.5,0.2617376531017823,0.07622920847232541,0.17052496851919463,0.13132503678142907,0.18044316875486516,0.17973996437040332
208,G9OOkWH5rLHN3DKNPMv1lg,Cafe at Harrah's,Las Vegas,2.0,0.25810987242980604,0.08606065639610562,0.15565732471753488,0.17048743203947656,0.20147077870697608,0.12821393571010078
209,GMefGnN17POrLde1PPBzNg,Outside Inn,Las Vegas,3.0,0.22348427643704613,0.023097452636093422,0.22517134814093812,0.07047251531713782,0.4217052515426778,0.03606915592610677
210,GRWIABHedj1m8DDoAuTIMg,Centerfolds Cabaret LV,Las Vegas,3.5,0.15136354042726347,0.00725705168837266,0.06798429394181839,0.07122056561641352,0.21789077096438436,0.48428377736174766
211,GU0zNpgisY-pV3U2Sfdp6A,Boulevard Bar & Grille,Las Vegas,4.0,0.40959351505135627,0.14761765905473062,0.12708126315507828,0.04802581662982398,0.1912672000514605,0.0764145460575504
212,GUaPe4gw5KhihfPPqhtSIA,TGI Fridays,Las Vegas,2.5,0.21247053581897699,0.15787699197143193,0.20258369211931188,0.1728163100918793,0.1746329129951012,0.07961955700329872
213,Gaq3S9lmjXVcuDCZ8ulppw,Oyshi Sushi,Las Vegas,3.5,0.2644959546984155,0.06938212230139243,0.19485037374072456,0.142581979327125,0.18694082417433625,0.14174874575800644
214,GjbF1ZEbIpC2KqUbZ7KQWQ,Dynamite Grill,Las Vegas,3.0,0.2619927471058506,0.05690806659316618,0.24277400938292754,0.1063151962969932,0.14283760431503106,0.1891723763060315
215,Gk_KLfwb0GMgKDrP8_0kqg,People's Republic,Las Vegas,3.5,0.5224966001479044,0.014222252730331694,0.005451264985544299,0.04285834710112637,0.3586335038481993,0.05633803118689384
216,Gt4z3AylNTsEPDkzkaC7HA,Stacks & Yolks,Las Vegas,3.5,0.2647130838124085,0.10206596271137,0.16957093467441148,0.15352254133144322,0.14674780552030325,0.16337967195006337
217,GtHu9uGXpn7Jg_Z7vFKZKw,Meatball Spot,Las Vegas,3.5,0.23178157345595649,0.01119935389126006,0.2688430987153613,0.3403693868745751,0.13742853163933083,0.010378055423516313
218,H-05-lRUJDUNDgYgaw7bXA,IHOP,Las Vegas,2.5,0.3602418160661356,0.09602070337671385,0.16451032147866063,0.13492200878062868,0.14746025986641909,0.0968448904314421
219,H5Y6o9H4rtxbHJFgLqI6Fw,Chili's,Las Vegas,3.0,0.24597365358453413,0.05191276733830658,0.16961334856811158,0.17235626515662442,0.1406873975507903,0.21945656780163303
220,H8qlBw1YaxMsItfz25-AyA,John Cutter,Las Vegas,3.0,0.28744871367562136,0.06155150001671192,0.17407018266965724,0.1328231761735499,0.15738687730192263,0.18671955016253686
221,H8umkLwMkM0vP5B8oPiozQ,Sundance Grill,Las Vegas,3.0,0.21149463657140358,0.10606415928883739,0.18686683256073153,0.08665022857768591,0.13092044703033187,0.2780036959710097
222,HD4JDFoc_htq5VYESJT8gw,Wingstop,Las Vegas,3.5,0.26570894295295944,0.12396734673106977,0.1715972053315082,0.18525992787984366,0.13600766615529433,0.11745891094932467
223,HPLB1Tr8ZB5UkD-2umKPdA,Fat Choy,Las Vegas,4.0,0.22869194409754787,0.1386314510591719,0.16075442917769603,0.22866189905583867,0.10597089048919861,0.137289386120547
224,HYKTKG3X7jtLe6elxp63JQ,Off the Hook,Las Vegas,4.0,0.2959625193725871,0.11809697374751145,0.1214029867450128,0.17535981263418715,0.11148647668877512,0.1776912308119263
225,HfxMovSXJZVqL514iUD02g,O'Aces Bar & Grill,Las Vegas,4.0,0.24298471393171578,0.02515295506597749,0.14814164385687567,0.1500331445253303,0.20369420505308158,0.2299933375670192
226,HhVmDybpU7L50Kb5A0jXTg,Guy Fieri's Vegas Kitchen & Bar,Las Vegas,3.5,0.24258424052044344,0.09113353423496905,0.1721929627829096,0.16501056092118718,0.1703699714103756,0.158708730130115
227,HsgHgxT2vMnqd3cgPvnitQ,Red Robin,Las Vegas,3.0,,,,,,
228,I1gRYCt2exnOMsTr-lEJVA,Squeeze In,Las Vegas,4.5,0.22380473375232596,0.12074674135791214,0.2570058733716541,0.09111359272291746,0.1400557005817598,0.16727335821343062
229,IBSePQdC8MwoWdMmoyegnw,Five Star Tavern,Las Vegas,3.0,0.19524695815718507,0.10552864587239956,0.33501157107516305,0.1024282402546735,0.2135693399549312,0.04821524468564766
230,IMLrj2klosTFvPRLv56cng,Honey Salt,Las Vegas,4.0,0.2517102358517488,0.06646003426448664,0.19001601555448427,0.17146426258262049,0.1580396257374582,0.16230982600920152
