,business_id,name,city,stars_y,0,1,2,3,4,5
0,-CQokjildrY7UZezXCdEBw,Toddy Shop,Las Vegas,5.0,0.2283140409990676,0.09702635640469412,0.19779378086320754,0.14970043451598447,0.09456285433063458,0.23260253288641172
1,-JfncbVURtvuzBbof40o1w,The Cafe at Monte Carlo,Las Vegas,2.5,0.381605093194647,0.08765406018267272,0.1588162551492019,0.08932400217662367,0.06706241103818002,0.21553817825867458
2,-OEIW0dO96-492qa_luxaw,Aces & Ales,Las Vegas,4.0,0.25813941808969404,0.08170926005823832,0.17800601688549667,0.13415539131224102,0.12988720929037456,0.2181027043639556
3,-PGsEXB6DFTVKa1eDOlzWA,Black Bear Diner,Las Vegas,3.5,0.2516292382020784,0.10154096692143345,0.2121260056799841,0.11824674856658665,0.09625261174778216,0.22020442888213526
4,-SGZcGqnsp_uRIjKP2RGZg,Ranch House Grille,Las Vegas,3.5,0.2132797322062382,0.016075629879965258,0.4338386278450197,0.1395360758715325,0.032798612706257696,0.16447132149098678
5,-U7tvCtaraTQ9b0zBhpBMA,MGM Grand Buffet,Las Vegas,2.5,0.25731274352816985,0.12916933689632457,0.17463009251453174,0.11435367171004836,0.11646021897345742,0.20807393637746807
6,-UtYWvCnUppcSaC_u1pTYQ,Kopper Keg Restaurant & Lounge,Las Vegas,4.0,0.12632493244478604,0.21904444007729848,0.1269435364771047,0.018166448937390754,0.4228784907866124,0.08664215127680756
7,-Ylpy3VyRWwubf9dysuwjQ,The Cheesecake Factory,Las Vegas,3.5,0.26652430830231316,0.10691231029252332,0.18536359109503184,0.12231456295105309,0.10176061286765736,0.2171246144914216
8,-a857YYdjzgOdOjFFRsRXQ,Beer Park,Las Vegas,3.5,0.24263847074752798,0.1262859573845351,0.18464917617952162,0.10783573826526671,0.11027322045197137,0.22831743697117737
9,-kbPPBNsIPDfMfgUGO7QhA,Kopper Keg South,Las Vegas,4.0,0.22428300440594034,0.1598342490097728,0.1585356820090404,0.22360519900293596,0.10180332739983315,0.13193853817247728
10,-oUM2uISux96lMGeawHIOA,Sugar Factory,Las Vegas,3.0,0.27358026633523214,0.12881573664166557,0.1843167332254326,0.10615290354099567,0.09549905947300043,0.21163530078367326
11,-qYuPncpK8elgD-6Qx3v7A,Flock & Fowl,Las Vegas,4.0,0.22323679607172178,0.15285277341801107,0.19338760961297058,0.10208765101208014,0.08131098975843139,0.24712418012678503
12,005XmZKuJZuNbl5tGXc5SA,Tony Roma's,Las Vegas,3.0,0.38355302719202455,0.19263451551575905,0.1135429490780906,0.04539233779309526,0.05183312197635223,0.2130440484446782
13,01SiPgdiOskMC5bUJoyy_g,Winchell's Pub & Grill,Las Vegas,4.0,0.2189565771034331,0.12751950395699493,0.14449911956912012,0.11015095708204237,0.1546468575927172,0.24422698469569243
14,0EgYXYjt2XJL4hlsKnzrcw,PublicUs,Las Vegas,4.5,0.2741507312927537,0.10434755897091283,0.19111366533694618,0.10518946661797327,0.11894769850133766,0.20625087928007604
15,0Hcks5q-DgJbDlmEWolx4A,Bonefish Grill,Las Vegas,3.5,0.26721806817520877,0.09561508785845141,0.1658490807857668,0.11700221226247572,0.12288482363149746,0.23143072728659964
16,0JmCGyAqAK_yVEuZ0ts16w,Bilbo's Bar & Grill,Las Vegas,2.5,0.18669654225010965,0.0,0.04974093442720184,0.017853519371349817,0.0005036007658160442,0.7452054031855228
17,0QHMAUi6NdOUZ1ckXq0-sA,Rainforest Café,Las Vegas,2.5,0.255527434373898,0.07433391927415173,0.17170765065591562,0.13809121677887082,0.12352420721777507,0.23681557169938885
18,0WPXDs4ini3D7jpiy1Daqw,The Market,Las Vegas,3.5,0.22814907832408177,0.0769436696006196,0.15440004509106156,0.16195584273079192,0.15856369368727063,0.21998767056617455
19,0_aeYE2-VbsZts_UpILgDw,Lazy Dog Restaurant & Bar,Las Vegas,4.0,0.2687713614190585,0.09925274739352345,0.18276776424028016,0.11529504910668613,0.11474545971366337,0.2191676181267881
20,0bWLkWeIcT-EnrE7SiGEBA,Laguna Pool House & Kitchen,Las Vegas,4.0,0.2716831197396321,0.14011246016210796,0.1413047779025676,0.11930139460204678,0.13580557850797584,0.19179266908566991
21,0jtRI7hVMpQHpUVtUy4ITw,Omelet House Summerlin,Las Vegas,4.0,0.26842976389974643,0.13165058788825415,0.17222668395644852,0.11131528560142849,0.1081180465172679,0.20825963213685458
22,0p27EjcNwTI7Ey4K_MNPww,Fatburger,Las Vegas,3.0,0.26578316632686216,0.14485227578003934,0.19947539948491844,0.08829289147082982,0.0943515878124792,0.20724467912487102
23,0qPNeqLuKE88rKbIbSZDpg,Killer Shrimp,Las Vegas,3.5,0.28710616386943616,0.11688844657908451,0.16417128108214163,0.07878654882669307,0.11879469385212517,0.2342528657905193
24,0zGeYN8ReYwVj27U7EHOJA,American Cafe,Las Vegas,2.5,0.08164052175892876,0.07771617433500243,0.38779699790304395,0.2690210907128655,0.0,0.18382521529015938
25,0zoXYHq82haayMaV952jEQ,Greens and Proteins,Las Vegas,4.0,0.26671103468153456,0.08923987694013884,0.1670744749077665,0.1159648044674312,0.12162925010271734,0.2393805589004112
26,12f7GOkkC0GZRMif-fidhQ,NASCAR Cafe,Las Vegas,2.0,0.47386978665579643,0.10184452357402775,0.15648204014747896,0.0578658961091529,0.07413940059880166,0.13579835291474227
27,19MbjvDqkPG6dGxr3kvK9w,Foothills Lodge,Las Vegas,2.5,0.33557939821081034,0.23346750069821431,0.058292497487607786,0.0401429457478955,0.16847602970356834,0.1640416281519037
28,1BtNZszIr8LvtPOhN0X4Mw,Gold Mine Bar & Grill,Las Vegas,2.5,0.27809906119005456,0.11464271849916388,0.13810097166327287,0.12473651137938349,0.1382960946978132,0.20612464257031204
29,1CP8aJa8ILlfM5deroar0Q,Wingstop,Las Vegas,3.0,0.25368476684406677,0.10313591849999151,0.1705326268148416,0.15421288342513423,0.09352712337652662,0.22490668103943925
30,1CR2ddUcjYYwRd5JLtiRrw,Hard Rock Cafe,Las Vegas,3.5,0.2641279115281068,0.11047217708285635,0.17533839591082825,0.11623100353685183,0.11220702572120306,0.2216234862201537
31,1CWMNSTRMejdSyXBG2chNg,Fireside Restaurant & Tavern,Las Vegas,3.5,0.28030204113091556,0.12661097519266698,0.14650520173138673,0.11914221695773008,0.09677709568473135,0.23066246930256923
32,1Jm-fFPCAD-ZGM2J4HACXA,Pharoah's Pheast Buffet,Las Vegas,2.0,1.0,0.0,0.0,0.0,0.0,0.0
33,1Tak6Q-IlkDrdmLwrEZeSg,Off the Strip Just Real Food,Las Vegas,3.5,0.23871830734732769,0.034969693124345835,0.15777886015528717,0.16992338782223881,0.1328308532442969,0.2657788983065037
34,1Vvxx-9AoINg8TJXOZgEHg,YOLOS,Las Vegas,3.5,0.2443751689218283,0.11095574488908728,0.17906089890700133,0.10242504469294927,0.13039089793484782,0.23279224465428625
35,1WsXLCPRP2EZ9KoBRTkSbw,Pt's Gold,Las Vegas,4.0,0.3215184881788203,0.09930068828598297,0.17149863182847666,0.05243114734937104,0.0659637047664985,0.28928733959085057
36,1ZhZUzFbbt1gGXDEW3JaBw,Griff's,Las Vegas,4.5,0.1797818588838721,0.07054549417413727,0.22309735582210774,0.16615639506772029,0.07616443944523564,0.28425445660692705
37,1aj4TG0eFq6NaPBKk6bK7Q,Jacques Cafe,Las Vegas,4.0,0.2530985935168872,0.12415390586497287,0.17393759412836265,0.11110029861959465,0.11838554621161132,0.21932406165857146
38,2BbFeotL85cIaBjSq1SWiA,Springs Cafe by Wolfgang Puck,Las Vegas,2.5,0.25836171229022703,0.09781975047577667,0.07378760413536274,0.060303816891416555,0.09248308748013537,0.41724402872708166
39,2LZGeJy8qByYKB71ML-jcw,Rock & Rita's,Las Vegas,2.5,0.2616780340834971,0.05638567778021876,0.20258868372254138,0.1559147576402608,0.10642598230287063,0.21700686447061132
40,2RFe9vDTzyBkF4mvsFDDow,Dickey's Barbecue Pit,Las Vegas,3.0,0.25117709745753397,0.12014708524439845,0.21318267851139613,0.13568438409096217,0.07028523277542556,0.20952352192028367
41,2Wl4o7l54I-EtxtaDpOTzA,Pub 365,Las Vegas,4.0,0.23335812798269262,0.1024763583211625,0.19027309517704838,0.11513636182812931,0.10390399347245051,0.2548520632185167
42,2Y0-nrSZNsLRStyupZgM7g,Courtyard Cafe,Las Vegas,3.0,0.2004359905477168,0.06694037196667606,0.17300532849195444,0.13398376990416794,0.13978867044711502,0.28584586864236977
43,2dCnTMv3Hh-fM8bOjYS4Xw,Nevada Chicken Cafe,Las Vegas,3.5,0.24448512479585077,0.10838595904536687,0.19506402636455722,0.10543840640911113,0.12777505876125808,0.21885142462385598
44,2iTsRqUsPGRH1li1WVRvKQ,Carson Kitchen,Las Vegas,4.5,0.2601098654341601,0.10747134453872872,0.17693604600977111,0.10952228178848346,0.11942712761780647,0.2265333346110501
45,2smgOPhpYbDT7G5tbVRdiQ,Burger King,Las Vegas,2.0,0.3922759431544369,0.005018029658763661,0.07305708825907599,0.08414444245497821,0.24326033256102564,0.20224416391171962
46,2zSr7jNNWpA-IfD74wOlTA,Pt's Gold,Las Vegas,3.0,0.19579837574221765,0.1799779229993209,0.3076840680905447,0.03925143276693669,0.07933571106276573,0.19795248933821435
47,35fWtS1LZkaZ-ooKupJ1XA,Buffalo Wild Wings,Las Vegas,3.0,0.295333244828252,0.13597395769249349,0.1709921000504387,0.10245390634256966,0.12565918588314362,0.1695876052031025
48,364hhL5st0LV16UcBHRJ3A,Yonaka Modern Japanese,Las Vegas,4.5,0.2541115821867556,0.102594649321693,0.17620769676097692,0.1305453076360643,0.12650552454579297,0.21003523954871708
49,3BCsAgo_1i4xMuTyLKMLRQ,SkinnyFATS,Las Vegas,4.5,0.2552824087921577,0.10925010023363833,0.18201670453660898,0.11537805446530468,0.11747191588451007,0.22060081608778076
50,3FlWR_osNPb8dcqLgHebHw,Mimi's Cafe,Las Vegas,3.0,0.25360232382806586,0.11341599942803902,0.13904888739081986,0.13195772938431782,0.13445083962297527,0.2275242203457822
51,3PshdJtSwd_poaPL7fIOHg,Counter Cuisine,Las Vegas,4.0,0.3320900874020019,0.00711504462264132,0.08626144087616841,0.3001145255462454,0.142899393833333,0.1315195077196099
52,3QcTqsdxQBlSndBdMJBRhQ,Freedom Beat,Las Vegas,3.5,0.2579614244627969,0.08047761333679507,0.1621857513616175,0.16012788753075854,0.12299534147938207,0.21625198182865
53,3X-SMnyYq77IYEnyCp-TtQ,Tropical Breeze Cafe,Las Vegas,2.5,0.26830806573250027,0.13032309911504927,0.1698739169286453,0.10813331230311729,0.09491817386645413,0.22844343205423373
54,3ajqOW9A7VhResA08I7RTg,Hash House A Go Go,Las Vegas,3.5,0.25038944258527684,0.12099790806712614,0.17559967976668686,0.11779068153024097,0.10989331396868686,0.22532897408198227
55,3cg4pKBL8DTFXCtZ5y9V4g,Johnny Smalls,Las Vegas,3.5,0.3019428794678363,0.1474586222941367,0.1380108294444466,0.10241319759365836,0.10331623167805608,0.20685823952186583
56,3fPIRTnBhd81MixgS9YoMQ,California Pizza Kitchen,Las Vegas,4.0,0.24378700377936083,0.11585985920291615,0.17813056979015765,0.12055488014847525,0.13792279134763055,0.20374489573145954
57,3kdSl5mo9dWC4clrQjEDGg,Egg & I,Las Vegas,4.5,0.25925979148706746,0.10679214863614486,0.17843585266459544,0.11983374666774763,0.11812828355333087,0.21755017699111323
58,3pSUr_cdrphurO6m1HMP9A,J Karaoke Bar,Las Vegas,5.0,0.26618316261193076,0.10538727869814597,0.17245081153505482,0.09274036123831343,0.13166775021053748,0.23157063570601732
59,3rj1qpgFvkRWtAka17mhEQ,Mimi's Cafe,Las Vegas,3.0,0.25884289344625544,0.07894761007135091,0.20620133775185445,0.0863241069022091,0.11825648663279506,0.251427565195535
60,3s8PNggIbgeSsjqM6HKOCg,The Verdict's Inn,Las Vegas,3.0,0.18701441312999034,0.32126161450514606,0.12950538903967904,0.11689499116250358,0.06477022118245394,0.18055337098022706
61,3tBRBsiTi6JJz3CJ7DcS_w,Skinny Chick Fat Chicken,Las Vegas,4.0,0.3202670756405326,0.046693087964483036,0.2558689133011549,0.02867357950145442,0.08127049930870966,0.26722684428366533
62,44kd3YdkhXj5XiSPs5XNjQ,FireRock Steakhouse,Las Vegas,3.5,0.24365150036815,0.10924944840686011,0.19751536685818777,0.11939311721904644,0.11711794502035963,0.2130726221273958
63,46UHF46E1z-W2dOmhv-Fng,Pt's Pub,Las Vegas,2.5,0.24219267663915736,0.027532010541187705,0.420953194451613,0.07252868566728862,0.0430921706715968,0.19370126202915652
64,4GXII-GU7S0ZyU6ElkhscQ,Hooters Casino Hotel Las Vegas,Las Vegas,2.5,0.26323825626340824,0.08088369678061016,0.1780536073660192,0.11361192914460103,0.1330184860903752,0.2311940243549859
65,4QmwJBk9VPKyO2DfUeIVWg,Tommy Rocker's Mojave Beach Bar & Grill,Las Vegas,3.5,0.29708726509656047,0.0692171853488203,0.22732012187601938,0.09605116207171137,0.08584145731206058,0.22448280829482792
66,4X0KWUPcD2EkHN83aa4cXg,Blondies Sports Bar & Grill,Las Vegas,2.5,0.22865042855304143,0.09984775310061299,0.21518879102595803,0.13282482748968263,0.09962501297284948,0.2238631868578554
67,4d9BIUYJwAsMfMrH_0vdDQ,TGI Fridays,Las Vegas,2.0,0.41418265875006255,0.4648890354348938,0.12092830581504377,0.0,0.0,0.0
68,4qG3Gh8QyugC1XvoTlmgcQ,Egg Works,Las Vegas,4.0,0.25911472614714604,0.09848167282965624,0.18411417485266598,0.11183896784547546,0.12183059284221835,0.22461986548283772
69,4v5ZLpmNn13Mze1w_XfWHw,Harley-Davidson Las Vegas Cafe,Las Vegas,3.0,0.22510807153360113,0.09853643349032772,0.18470675379644355,0.10569484687758118,0.1602443983435043,0.22570949595854223
70,56Yb9IgEREFeaSjJ5Y3RVg,Huffman's Homemade Chicken,Las Vegas,3.0,0.24653540158032292,0.1303409272633079,0.17620321788258964,0.11550797812360668,0.10870097795257502,0.22271149719759786
71,5D3cAYturwbEqnj52b1Tmw,PT's,Las Vegas,3.0,0.3525545969510951,0.1420898436797581,0.17502535632415384,0.04376710736865879,0.09407388810401957,0.19248920757231475
72,5XORYO9raiXVZSGGPvjSmA,Kopper Keg North,Las Vegas,3.0,0.2728590682020562,0.06741731080653585,0.14220906221673377,0.13509476438884827,0.1716741719943652,0.21074562239146064
73,5_MrPFw9E0cMJ1Q0DJFZOQ,Tilted Kilt Pub & Eatery,Las Vegas,3.0,0.2501979911478418,0.09994510424768145,0.18194363449099102,0.13322806943077722,0.10187594383112478,0.23280925685158368
74,5fSz08wFcBhCeCXh7sxG5A,Runway Cafe,Las Vegas,4.5,0.22059949851160782,0.09221605358865984,0.20817398056318526,0.19051051149963583,0.17040511709854742,0.11809483873836392
75,5gZ4k_mdDOcEmCG4wHVH-g,Rhodes Ranch Club House Restaurant,Las Vegas,2.5,0.3860254364994297,0.019046622194552762,0.3596777975034069,0.08489377704918188,0.06041838421637202,0.08993798253705661
76,5iSlHNIy3RLbCP5AayB31g,Ruby Tuesday,Las Vegas,3.5,0.24160804945096068,0.10116043285059963,0.19090610691105228,0.1264254177083217,0.1304766646486154,0.20942332843045033
77,5jTmjxb1X34EfcY1gos4tw,Fatburger,Las Vegas,2.5,0.23267067058074595,0.1002954050866523,0.15073325755766534,0.15625502062024957,0.08866617834505683,0.2713794678096299
78,5l-yKN13VwfPwuSiBIqdJQ,Farmer Boys,Las Vegas,4.0,0.2683718002628075,0.06178182934355874,0.19055398551823974,0.08397231749936619,0.14620181427940981,0.24911825309661811
79,5n2dA_QqO4c_7pSK0Of6AQ,Fatburger,Las Vegas,2.0,0.2294524530517236,0.12130912801827566,0.24929692873945222,0.11663741364573708,0.09065778732695813,0.19264628921785323
80,5xYk23lz0ktdMvzHtohymQ,Village Pub & Poker,Las Vegas,3.5,0.21576997113580662,0.12533522056441573,0.19486251782937553,0.12672987696921967,0.14699708964183675,0.19030532385934565
81,6-gRHn1n11ATqWBrFTLnNA,Great American  Pub,Las Vegas,4.0,0.2809921126038902,0.10167771358498744,0.18375452066919648,0.09176339833788229,0.13340652452025992,0.20840573028378365
82,63Qj5E-GzHJ6vhjhGR4XDw,"Ringer Wings, Pizza & Sliders",Las Vegas,3.0,0.29095738497987816,0.04834061733867302,0.08383466991411355,0.25306410054991263,0.1967197708489577,0.12708345636846502
83,66jwLkSd6M0cZulZrA3zcw,Applebee's Grill + Bar,Las Vegas,2.5,0.2060652108798472,0.048557493358086116,0.24686368068765785,0.12322797949945725,0.112474836071331,0.2628107995036205
84,679eSYC15Sc17TN9Djj8sg,I Love Burgers,Las Vegas,3.0,0.2903285397398515,0.09882858054045708,0.17656464587063053,0.09945285226653806,0.100448203461276,0.23437717812124687
85,698nukvxe7mq2Fra5vDikQ,Rise & Shine a Steak & Egg Place,Las Vegas,4.0,0.27964117569242725,0.10121433053596407,0.1777360194585715,0.11850298571137638,0.11300909932640675,0.2098963892752543
86,6HdzmAatFoB8UDep4n9QIw,IHOP,Las Vegas,3.0,0.23917531781039553,0.16537434020598205,0.20395747864114636,0.10659115194769392,0.11985404556639104,0.16504766582839098
87,6MpOzb5ImLdDXHsn4HwI-Q,Embers,Las Vegas,4.0,0.3001023377781533,0.07229347399316362,0.1826994560055856,0.09141356533938481,0.1331128474620116,0.220378319421701
88,6TvB1PZCY1Ap2S-yNJPs4w,Hooters,Las Vegas,2.0,0.21813640618128965,0.11403667722970588,0.20519762326558053,0.11779884713027762,0.10003885603283132,0.244791590160315
89,6W3hdaCjx_n1kADEuORduA,Bonnie Springs Restaurant,Las Vegas,3.5,0.26934897580944855,0.07899924436109514,0.1848068679116999,0.1287419595852446,0.15021309338084998,0.18788985895166177
90,6beJGNWviNq_VbODEULexA,Cafe325,Las Vegas,4.0,0.19943289345590476,0.1018069408206231,0.12053926106874185,0.12200039768383175,0.23664767380754267,0.21957283316335593
91,6fz0hnNIVpLF5v2NqJfA9w,Babystacks Cafe,Las Vegas,4.0,0.28602864138465184,0.10265603900790876,0.15061987134277868,0.1309352574136931,0.1152392120820978,0.2145209787688698
92,6xBgaXrAlH5KMIW-GPSUzQ,The Underworld Grill & Bar,Las Vegas,3.0,0.41102903955273873,0.0025282261967728495,0.17316541471425775,0.14701324259674653,0.012105595381042887,0.25415848155844123
93,6yynJxXqG8x9k9wrSvLAEw,Tahiti Joe's,Las Vegas,2.5,0.3885792597821006,0.06060632583096427,0.13872722112028996,0.1813145853347566,0.09054417126938766,0.1402284366625009
94,71bwX-tbmq4su8H7Q9oLOQ,Pt's Gold,Las Vegas,3.5,0.32416100571046746,0.05763989775925355,0.18678467830458367,0.1347814125742967,0.08144359620334668,0.21518940944805195
95,74pWjFssgqyhaVg-YCUo3A,The Cracked Egg,Las Vegas,4.0,0.2624114254092955,0.1057384006918795,0.16581784308229017,0.11909206138637912,0.1215602463758909,0.22538002305426477
96,77AfVfvvjfQXslusY8QElg,La Jolla,Las Vegas,3.5,0.30084284243452564,0.09806574551163419,0.16071831503390324,0.17435616151310995,0.10603289454773986,0.15998404095908716
97,7B4ZXiaDDcg04_N1A0DG9A,Cadillac Ranch,Las Vegas,2.5,0.36111540858865154,0.0909341914531144,0.10492245408488331,0.14068787470974048,0.17412686395650132,0.12821320720710894
98,7EZ4Eu7YJ1ltRCC5jXFJrQ,The Buffet At TI,Las Vegas,2.5,0.2641566642333424,0.10288849763941342,0.17723465902837834,0.11179242515901909,0.14831075085874598,0.19561700308110072
99,7IkSGKKiWhfkXQBCT8EOgA,Brentwood Cafe & Tavern,Las Vegas,3.5,0.26811211540367536,0.09369443221903531,0.1911751768151505,0.1095028077039109,0.11183375691656261,0.2256817109416652
100,7RidnmyYyH0cfcX2x7buag,Siena Bistro,Las Vegas,4.0,0.2766364188085012,0.20883248967006887,0.13933123199533737,0.04670380782403434,0.09196936771873107,0.23652668398332716
101,7Wr0piSMGiq5qy5opiLNrA,Cabana Grill,Las Vegas,3.5,0.29971727938711934,0.1441090796745034,0.21531520747668126,0.10744382159650177,0.09534498712289192,0.13806962474230236
102,7Xw_vv-ekUL2sTqipnKT0g,Buffalo Wild Wings,Las Vegas,2.5,0.2623895905288412,0.09840786140413255,0.16730319336863855,0.1354659624113389,0.13703404204217562,0.1993993502448733
103,7hXWFtmoJHz63SD8k56a_Q,Putter's Bar & Grill,Las Vegas,3.0,0.15663477926293254,0.12036253584749874,0.2210803229276694,0.09479352666211398,0.14463827868634332,0.262490556613442
104,7nRlDLrob6oK5zmGo4Vpbg,Blueberry Hill Family Restaurant ,Las Vegas,3.5,0.26418317924153883,0.11508118614707413,0.1791474229518834,0.10234204728226716,0.12661111770278047,0.2126350466744559
105,7njZaRjDXi8anBaGlGQu4g,The Lodge Cactus,Las Vegas,3.0,0.29063801760927155,0.08927453800451414,0.18527118075001855,0.13636582581363296,0.09582008792306793,0.20263034989949502
106,7sGcBZwkD4yFLiBLS1WKgA,Presto Cafe,Las Vegas,4.5,0.24418356773567054,0.10443821862057379,0.17656328678466005,0.13521190287551638,0.12667854974810755,0.21292447423547156
107,7sPNbCx7vGAaH7SbNPZ6oA,Bachi Burger,Las Vegas,4.0,0.2635882469358425,0.10405804419188336,0.17259202067693366,0.11943802494504084,0.12202599878076018,0.21829766446953908
108,7xEgy2btCKLdTe1vD14ABw,Johnny Rockets,Las Vegas,3.0,0.33717006894211493,0.06261274611082271,0.19217272491030357,0.07669507697785802,0.12676888315682444,0.2045804999020762
109,7xXaO9deBDh_dd0JQjA-Qg,Claim Jumper,Las Vegas,3.0,0.2772288313570677,0.08432782368598112,0.16120240818601195,0.12608112200488603,0.1392982552416777,0.21186155952437558
110,80Lkm305ZOkQdMEIvOy_lw,TAP Sports Bar,Las Vegas,3.5,0.23907502506050957,0.1136965021965469,0.18357068071872343,0.11070838895654034,0.13387674947683234,0.2190726535908476
111,84DjKzaR26vphu9fNI9nKg,Sierra Gold,Las Vegas,3.0,0.2815000388575905,0.10433053904685814,0.20866810792683993,0.06600935040407481,0.12622845995771842,0.2132635038069183
112,86stmK3Vm2f5W6PdyvuLrQ,Applebee's Neighborhood Grill & Bar,Las Vegas,2.5,0.24638814455370242,0.0923603057387104,0.25891984700633885,0.08026182434612138,0.08186710360173688,0.24020277475339005
113,88vF_9_X9dJwZ7w-hwtMow,Lucky Streak at LAS,Las Vegas,3.0,0.2945510747627218,0.08742532735944473,0.27480919173708207,0.1015561131067857,0.08044728757787636,0.16121100545608943
114,893VryJbZcCm5V9xon_aLA,Those Guys Pies,Las Vegas,5.0,0.19448345578219697,0.44665827175438555,0.03107818469109764,0.009262150744139688,0.10418892189939302,0.2143290151287872
115,8J4oT58-Nc-q1bpF9CRTpw,Applebee's Grill + Bar,Las Vegas,3.0,0.2714743393121091,0.10725367929904432,0.15630540970452106,0.1030789292078373,0.1330006545954946,0.22888698788099357
116,8Q6jl7OW8DZzwANggDspcw,Sugar Factory American Brasserie,Las Vegas,3.0,0.2646222834968035,0.10431095171389387,0.18864920006642044,0.10803175252030338,0.11356631253407609,0.22081949966850267
117,8RFT1woy0WnTp62ndVJgow,The Blue Skillet,Las Vegas,3.5,0.27221785368250523,0.09616287274452263,0.18011256144071786,0.10166914130916642,0.11140689904044808,0.23843067178263988
118,8SWZLawwzqwzbXpGQS7gBw,Della's Kitchen,Las Vegas,3.5,0.26712289124913574,0.08627686969178303,0.17813319060575106,0.12903541398322582,0.13485650291832507,0.20457513155177925
119,8aRk2nVmVvhfNFW9TcsUfA,Cafe Siena,Las Vegas,2.5,0.18283112084155656,0.14774994661425248,0.19330803309687683,0.022721269700189593,0.1380014097669361,0.3153882199801884
120,8b5ll2kjXfjgFIqWsjkr8Q,Seabreeze Cafe,Las Vegas,3.0,0.2662591057066609,0.11612724789662313,0.14474470804844125,0.16835586312347856,0.0859049607268863,0.21860811449790987
121,8bYXg27QEoAx7us15eIL5g,Applebee's Grill + Bar,Las Vegas,2.5,0.31014098727520767,0.14544668080953818,0.22955629896262555,0.10112563007765242,0.08523760508282076,0.12849279779215536
122,8fjF2NIPSM0Ar1hed2tdog,Gilligan's HideAway,Las Vegas,4.5,0.23617792726686276,0.07001122483403494,0.17133907801279202,0.2091373347213153,0.06782037820102108,0.24551405696397388
123,8hAGLM_ZQa4CFhzvVcLczQ,Salt 'N Pepper Southern Comfort Bar and Grill,Las Vegas,2.5,0.17706403130367376,0.16082429776602641,0.30912546394103707,0.1071198596341106,0.10820478166779353,0.13766156568735866
124,8nDEOGVVvReXFJ2zjPh4Pw,Denny's,Las Vegas,2.5,0.2961019873511448,0.12448463189981851,0.2038326986251946,0.0330041137667563,0.11740807363772354,0.2251684947193623
125,8ovqtunN8zGdCbYi-MCTAQ,Pt's Gold,Las Vegas,3.0,0.26422107491401114,0.047281035847024144,0.1538111835614161,0.11475736567915908,0.19700771852073934,0.22292162147765024
126,8wt-saX_qXaqVCXQHc5qXw,Sporting Life Bar,Las Vegas,4.0,0.24004988121909818,0.10132079400012231,0.17661642248597667,0.12571329892035024,0.1276171220785733,0.22868248129587948
127,9-cVW8wSRoE6Nmnc7v0uUA,Pantry - 24 Hour Kitchen,Las Vegas,3.5,0.28284241502317703,0.09788178176793026,0.1693146974905821,0.1149661168115951,0.11698709344052638,0.218007895466189
128,94BEy7wGKmrOC7sjSHMisw,Charlies  Lakeside Restaurant & Lounge,Las Vegas,3.5,0.22694760664753208,0.16233738477923937,0.16304295800115387,0.1331732592244654,0.07656578625239527,0.23793300509521398
129,99KYZZWzN2VH5L_w1GjaYw,Chili's Grill & Bar,Las Vegas,4.5,0.1970617833753107,0.009712444031309844,0.2878288121436036,0.03610542387073645,0.2401154249173856,0.22917611166165375
130,9Jc3W0aR9Xf2gcHI0rEXsw,The Garden Grill,Las Vegas,3.0,0.2317966325297393,0.13076051673806377,0.19927527809066403,0.10733084667823796,0.042505850822910626,0.28833087514038425
131,9QtHDX71JnaQbmzWWVbi-A,Quark's Bar & Restaurant,Las Vegas,4.0,0.22187773544292838,0.13176761391923572,0.15900025381737515,0.13776667101962373,0.16352592180596232,0.1860618039948748
132,9c3LlXubVkbMwIrS8dIp0Q,Ribs & Burgers,Las Vegas,3.5,0.27512688964641685,0.1103452195976096,0.15742172160984025,0.10021611391727733,0.08299946923236394,0.27389058599649213
133,9cw870n3gsGikVoOT5YOYg,Pier 215,Las Vegas,4.5,0.25866668004016957,0.1141396154447347,0.1845351599373909,0.1092457759233649,0.12970981087976907,0.20370295777457076
134,9evRrJHVWghiv16EOUg6zA,Mountain View Bistro,Las Vegas,4.0,0.24195667815531097,0.11466975750882605,0.14224176959095278,0.1280392464211112,0.1199596609201646,0.2531328874036344
135,9hEPwq1GmU1dp3ZyBB9ASQ,Pt's Gold,Las Vegas,3.0,0.2537227187471576,0.12124659785526139,0.18106664492627786,0.09775025359466301,0.08760030796774852,0.2586134769088915
136,9iCgfQ7ffWtroHbde7q-pQ,IHOP,Las Vegas,2.5,0.31544676197045285,0.17590264049049745,0.15846846926612043,0.04779150458541821,0.06739224116221486,0.23499838252529617
137,9jPb9kD6UBk4aVEgaizaoQ,Cafe Cortez,Las Vegas,3.5,0.313112794698029,0.13476752606187328,0.17007854325267885,0.100671786211009,0.08489026718994862,0.19647908258646135
138,9kPbAt95kECBGGi_e5yV0Q,Modern Proteins,Las Vegas,5.0,0.24730560716601954,0.11701782342874609,0.20538337283610544,0.1220746855307483,0.09336124240065707,0.2148572686377236
139,9uRrzqQaq9XwW9lLj7oBxw,IHOP,Las Vegas,3.0,0.285450745801587,0.1005807726931126,0.23742160832055426,0.035970688736463356,0.08118889047888053,0.2593872939694023
140,9wUIxdYz-CCpGRLu9BxJdg,South Philly Steak & Fries,Las Vegas,2.0,0.293871370906289,0.010289288247447636,0.0,0.5274788588035043,0.11475178716431696,0.05360869487844203
141,9wxxjUKdaiWeK0fGxSYhzQ,Raffles Cafe,Las Vegas,3.0,0.3021245436609792,0.11018201987669697,0.1739159753421905,0.117080151736982,0.10973893314803192,0.18695837623511968
142,9xAQPtjOf92wLjMHPWYEpA,Cili,Las Vegas,4.0,0.2556114199323667,0.12388479432650928,0.15515377917974346,0.11360044828873662,0.12174713683335424,0.23000242143928953
143,A5Rkh7UymKm0_Rxm9K2PJw,Yard House,Las Vegas,4.0,0.2735037290216623,0.10197796812811165,0.16560881346488657,0.1123267685489919,0.1318107077279235,0.21477201310842384
144,A9B6jSj2FvIsK5gpDBXbCw,Jake & Eli,Las Vegas,4.0,0.1551857089140854,0.17800014951159876,0.2858987714970039,0.03637210823840566,0.12000880687279532,0.22453445496611096
145,ABJjxuO6oh5D9R48-eAUdQ,The Buffet at Luxor,Las Vegas,2.5,0.2634326527680122,0.10557985691632626,0.17372248813448338,0.1177996009445022,0.11991331483959154,0.21955208639708437
146,AKBSPjk_H_w8RCqCE_vUuA,Paradise Cafe,Las Vegas,3.5,0.20402938797201356,0.0597233499832874,0.17072980123302714,0.12205637475961416,0.17943427985572352,0.26402680619633423
147,AL5YzikrmxwcBzBNLGO7Jw,Fuddruckers,Las Vegas,3.5,0.24527684938966982,0.08908409940186415,0.20282397112342393,0.09937499343699555,0.11852214695250826,0.24491793969553824
148,ATGZLAWudXt5hQXQ1AVGDQ,SG Bar,Las Vegas,3.5,0.24139098705718862,0.12546412522748968,0.18897341357668715,0.1272625272018416,0.11260997266258821,0.2042989742742047
149,AdNbLQQWgR28-GWU0G-qJw,Denny's,Las Vegas,2.0,0.318350150322664,0.1299687882925831,0.14701253475684392,0.1597059610184433,0.01749057675106028,0.22747198885840544
150,AedKwfr0VdNj7Xmx70GW6g,Old School Brewing Company,Las Vegas,3.5,0.2813142404785666,0.09900288039063854,0.1697333357181129,0.11772509864480665,0.099770899893607,0.23245354487426834
151,AjWFFZN8KwyqJzzi0DyEsw,Burger Brasserie,Las Vegas,3.5,0.26154937752227947,0.11882132103373531,0.17315310322736002,0.10382432429678468,0.12317872329951113,0.21947315062032935
152,AkG4ozbKUgjDk8-Mmywsxw,Timbers - Lake Mead,Las Vegas,3.5,0.24056982073315397,0.09125732238391589,0.16222536166011436,0.08694891054361137,0.14648285483562934,0.2725157298435751
153,AmJ0GFlYCAap-vGYxv-OJQ,Rocky's Bar and Grill,Las Vegas,4.0,0.2733887550981005,0.06994502008864036,0.19059752777901248,0.14020177851177174,0.11719771943335291,0.20866919908912193
154,AnXovUgUHJap3QaDRnjL1w,Blueberry Hill Family Restaurant,Las Vegas,4.0,0.27645451767896495,0.12003959671322556,0.16171017821863648,0.09609489015115912,0.12641714242049093,0.21928367481752278
155,AqfEIxefqdArIWf9YUVAtQ,Omelet House,Las Vegas,4.0,0.26758783431726607,0.10795128999019847,0.1808218414205579,0.1017517467987595,0.11293401242659071,0.22895327504662744
156,B7wVtgjOxkFNOoD6S11Urw,Flowing Tide Pub 6,Las Vegas,5.0,0.24366758389906573,0.09893782148086669,0.17031549930171627,0.1376528755163799,0.12506118897940002,0.22436503082257148
157,BB-Ab0rwYk6aclOn9SMVmg,Blue Dogs Pub,Las Vegas,3.5,0.2661746392200965,0.12344197813224349,0.3548541329823291,0.06645359437707958,0.04368135323275974,0.14539430205549164
158,BCAw9a_kyx2RddRH9tMmKQ,Mr. Lucky's 24-7,Las Vegas,3.5,0.25778488619516754,0.09566528091931972,0.1664846143004109,0.13179210263491198,0.12372772880010634,0.2245453871500832
159,BIwjYT9nqbkF7kbzne-tmQ,Wolfgang Puck Express,Las Vegas,2.0,0.0,0.0008164248041655243,0.28772407270048717,0.30989784661638214,0.31632179311645264,0.0852398627625125
160,BN_GVKaX0jnaVI4Ar1iV2w,Straight Up Gaming & Martini Lounge,Las Vegas,3.5,0.21138245966164118,0.10835915915176095,0.1584428206833164,0.07791229715294737,0.0765030706442404,0.3674001927060937
161,BOMgSyi4-TYAnjVn3m0z3A,24 Seven Cafe,Las Vegas,3.0,0.23716658151145387,0.12454683139098546,0.2051273960359824,0.10814346903051225,0.09427802735918153,0.23073769467188449
162,BORPULADzZV6_LJZzcsywQ,PBR Rock Bar & Grill,Las Vegas,3.0,0.2621119249598923,0.11338788048528457,0.1793975732365715,0.118115610769283,0.10480831695091038,0.22217869359805822
163,BSDKbSLFO3CP-uhfcuUCkA,Dave & Buster's,Las Vegas,3.0,0.2770616678973765,0.1312097403193257,0.1708008387188424,0.10799808066402725,0.12740050306723727,0.1855291693331909
164,BSbKXrd41LiCmZ_fEMwrOw,Fix8 Fitness Cafe,Las Vegas,4.5,0.19738134681025465,0.002875404880488355,0.2877148592586596,0.025510092243123908,0.12338146664772257,0.3631368301597509
165,BfBl4TKaTrfrZY-yGSB1jQ,Johnny Rockets,Las Vegas,3.5,0.2917737016246333,0.10527631117166544,0.14780191097657475,0.17276202266008003,0.0989654333533818,0.18342062021366473
166,BhueLLvA0k9G1Lr0WeZX9w,Café Zupas,Las Vegas,3.5,0.25064744887826784,0.0930188629605625,0.19673008964478297,0.11596469283712338,0.11019932938595794,0.23343957629330522
167,BjS35X3-_-9TP-RyfzoC_Q,Hometown Eats,Las Vegas,4.0,0.24960210349605427,0.12927213738327162,0.16841863705769614,0.09475548583153282,0.133543855503562,0.224407780727883
168,BjoG1A78mIEl6on-HNSilw,The Triple Play,Las Vegas,4.5,0.22587275445494218,0.06100976049922422,0.2264766965621098,0.1280883008977012,0.0915967297005717,0.2669557578854508
169,BnpuVvPy3sfLlkqKCx6Xnw,Grand Cafe,Las Vegas,2.5,0.28254920314732296,0.07673454588996666,0.1578054952717457,0.12275502393209367,0.14028208949665655,0.2198736422622144
170,BslEhCyzaQPfpHtDogb4hQ,Brooklyn Bowl,Las Vegas,3.5,0.2625362283554166,0.10587171504318992,0.15458888458812825,0.12053692139472486,0.12777035460194858,0.22869589601659204
171,ByYn1vNlI6MY_ZNoaH8eCw,Pegasus,Las Vegas,2.0,0.40648332969081213,0.0846836622465018,0.04544430304799666,0.13057453592460733,0.1834294824442517,0.14938468664583035
172,C9ImzBi5fn742ZcAYDww2A,Rise & Shine - A Steak & Egg Place,Las Vegas,4.0,0.2596972200136041,0.11161891516993527,0.17797755551623606,0.11154275210247559,0.1211745540120535,0.21798900318569459
173,CBb7z-MTbkzBvsUHBDqxEg,Tony Roma's,Las Vegas,2.5,0.2877548408884498,0.06910599213191419,0.19144012449303266,0.08064238386400636,0.12403434951865897,0.24702230910393796
174,CO5ofU1HQIBf1KWvb5ysLQ,Shake Shack,Las Vegas,4.0,0.258580564590205,0.1727118801201666,0.15750114135675328,0.08906043184760379,0.08573175497796269,0.23641422710730864
175,CXxJkD62XtDrt3pRYNDspg,Johnny Rockets,Las Vegas,2.5,0.23650522375240568,0.07084289434689799,0.21286942812092768,0.11096389885223305,0.13579555138907237,0.23302300353846317
176,CZF9Nm8CFY2R9ZhfwYIARQ,Giuseppes Bar & Grille Las Vegas,Las Vegas,3.5,0.2426687074033752,0.10744818501904418,0.16523872274525855,0.13016177375873572,0.11422901982419498,0.2402535912493914
177,CfYVBU9ANdjp4L5J2HV0LQ,Paparazzi Grill,Las Vegas,4.5,0.37551021560562353,0.10470404673715397,0.2226263765603623,0.0520128893892325,0.1276776292553721,0.11746884245225564
178,ChQmxnYLSVIQkL8Ct8z55A,Oyster Bay Seafood,Las Vegas,3.0,0.28848076725729116,0.11154009353654003,0.1489243533180295,0.14482360402441,0.08291882389343981,0.22331235797028962
179,Cly7wJhbXIDID_quND01_w,Flower Child,Las Vegas,4.5,0.28055043953499315,0.06775319896084496,0.1947273891953814,0.1179766483405108,0.08326308048781864,0.25572924348045095
180,Cni2l-VKG_pdospJ6xliXQ,Burger Bar,Las Vegas,4.0,0.2673046874209336,0.1091022542413574,0.17359861745117444,0.11043776628514033,0.1184154541072213,0.22114122049417342
181,CxE5OE_t29h_wqqK1BsoFA,Johnny Rockets,Las Vegas,2.5,0.2402219505867281,0.13085122448774641,0.28337873522092244,0.10595500090649865,0.06873887577875394,0.17085421301935041
182,D9z7LXFn88Fp4nt4ovO1KA,New American Sandwich Co,Las Vegas,3.5,0.31714660541983564,0.09446695594864951,0.1980035122284554,0.0737131927290946,0.07777128638447939,0.23889844728948548
183,DC3Uyai-vCCUgMmMvLESlw,Home Plate Grill & Bar,Las Vegas,3.5,0.2822403119854954,0.06220010609882834,0.20960425777218097,0.13408125812280408,0.10333534222409381,0.20853872379659733
184,DPVKotGYF7bCbc88hNZTww,Timbers Bar & Grill,Las Vegas,3.5,0.36791188488181986,0.0,0.11835769487157644,0.0,0.03715226337806324,0.4765781568685405
185,DVJkxZkLKS76Khb2y6XA6A,ProteinHouse,Las Vegas,4.0,0.2718264867046921,0.11098588298157755,0.1692801869410722,0.10443624448373592,0.12299162099711587,0.22047957789180622
186,DXYhrg9EXuW8n5QMnCoHAg,Burke in the Box,Las Vegas,2.0,0.2991376557578691,0.03566540880612285,0.19836891059898634,0.0869497264827534,0.051518430693072936,0.3283598676611953
187,DbEszO3wk1xVmN3pCPob2g,Jamms Restaurant,Las Vegas,4.5,0.258253447984818,0.09843348060199153,0.18308162067333045,0.1121759509966032,0.11704913077234591,0.23100636897091104
188,DkttCY9pgiJfpPt7MrB2KA,Rendezvous Wine & Dine,Las Vegas,3.0,0.21847684717834934,0.18843567228914315,0.1932387781885992,0.15708896503590142,0.127399077990551,0.11536065931745589
189,DnalbBqgX7afqSYgO5R8iQ,California Pizza Kitchen,Las Vegas,3.0,0.29022830233518265,0.12309389704041225,0.1463294143751603,0.11205096849572965,0.11456682538687318,0.21373059236664202
190,Doqz6-NiXEPhr28koWESKw,Grand Café,Las Vegas,2.0,0.221937167049649,0.046417546517581065,0.26384841920384333,0.17597096497541667,0.10642949056933264,0.18539641168417723
191,E-3LCDxXg8ojxDe4c7VZ1g,T.G.I. Friday's,Las Vegas,3.0,0.2180166540873797,0.1130784656103774,0.1462643394689739,0.19250910787541062,0.12633602475858224,0.20379540819927613
192,E67gGK8yOn9kkNzx8FzQKA,Buffalo Wild Wings,Las Vegas,3.0,0.23820660757050713,0.13716890499459874,0.1737557604603054,0.09961424810567343,0.1244936066067162,0.22676087226219924
193,E7WzNqwMMifJkPZtuKOgRg,Eat Summerlin Proper,Las Vegas,4.0,0.24755282191355835,0.12726661194903832,0.16970459025938933,0.11986958489480812,0.10046471055983731,0.23514168042336855
194,E9Bq0UKtg3tB1yr2QXZ0Dg,Waffle Bar,Las Vegas,3.5,0.22925856710760262,0.12154126349265564,0.19259560969836167,0.13405810361382264,0.08161584974644547,0.2409306063411118
195,EPKg3b0BK20-VKmzrP2W-A,Savona Bistro,Las Vegas,3.5,0.21963447184613577,0.08520869115603104,0.2161995335013506,0.13396278196851152,0.08370886950348905,0.261285652024482
196,ET8WuErpImo0zxS673gLxw,Rachel's Kitchen,Las Vegas,4.0,0.20372195849899258,0.09203776834191049,0.15455080598259335,0.16989995558746704,0.1464984577085369,0.23329105388049962
197,EcsUxHW1keLUl5w-3ZEbAw,Dickey's Barbecue Pit,Las Vegas,3.5,0.2261424273510046,0.1521283912761641,0.18399226991239578,0.10438979232660656,0.12241354959466993,0.21093356953915884
198,EdIFp1tdPi1267hm3da6Nw,Ellis Island BBQ,Las Vegas,4.0,0.24301765632918937,0.11653940282730249,0.16689196828643604,0.13028892244040707,0.10553228021840835,0.2377297698982567
199,EqUlVPI8t9A96BIvWdW1pw,Joey's Tavern,Las Vegas,3.5,0.18183781781176622,0.18056025899290143,0.21748448547684415,0.094705948425816,0.10079397921819261,0.22461751007447944
200,Er8DpPwf_lHHv64ncWhD8g,The Henry,Las Vegas,4.0,0.2580605706318162,0.091676148398247,0.17606881357022208,0.11252225217303295,0.13787649260569973,0.22379572262098216
201,Erj_jPPdF3IupgNS1Yfm4w,Bentley's Bar and Grill,Las Vegas,3.0,0.3077884449284364,0.08075276889541005,0.20690314299312962,0.09259369009159037,0.05557480956151244,0.25638714352992104
202,FAiZp6pLY5l9JITMQPASbg,7th & Carson,Las Vegas,4.0,0.24905859104920308,0.10959587692994245,0.17139558806680566,0.09354290060206485,0.13152076703201243,0.2448862763199715
203,FK7JHSUMdznZefUW6X319A,McCarran Marketplace,Las Vegas,5.0,0.117489236771315,0.7022235138156222,0.04754989808616752,0.0,0.015215194953854408,0.11752215637304082
204,FMnH5WIRLyexBYMBUUnDxQ,Hearthstone Kitchen & Cellar,Las Vegas,4.0,0.26943741578167335,0.1042504530257172,0.17897265429988435,0.11721910616721276,0.11945798814958627,0.21066238257592615
205,FT99KLluYZA7vFZEIypIwQ,Fracos & Froccs,Las Vegas,3.5,0.2617492191621289,0.21816974966750946,0.10362280186884973,0.053570003092621644,0.13310312925863974,0.22978509695025043
206,FWBWBnM2zjycBI7QrayklA,Johnny Rockets,Las Vegas,2.5,0.2512390792429483,0.03343196688002092,0.09772052623828668,0.2502139912899322,0.048251105836595753,0.31914333051221616
207,FfG8twx5K18y268Gp4dSKA,Hooters,Las Vegas,2.5,0.27076965489790766,0.1356989001204,0.15228156590282493,0.1069337470052502,0.14554442557740693,0.18877170649621014
208,FfHpj1QcW510pA3CS354xw,The Coffee Shop,Las Vegas,2.5,0.24245975254225832,0.11905564884682798,0.20380139196337993,0.13917488839294048,0.11238815576408767,0.18312016249050567
209,G54fcIaoI89tc6X285suRA,DD'Coffee Shop,Las Vegas,3.5,0.28938808361780055,0.14879806764381082,0.1885640040206025,0.0940896708634667,0.10877667837337786,0.17038349548094153
210,G55C2JCteYQGnpCP6gMswg,Moondoggies,Las Vegas,3.5,0.39260659523486735,0.06895193354696241,0.19702103835295773,0.10844338687475379,0.04504257058476358,0.1879344754056952
211,G58YATMKnn-M-RUDWg3lxw,THEcafe at THEhotel,Las Vegas,3.5,0.23725962097415768,0.07826821440152437,0.1900522332988059,0.1312907968179089,0.12768670560280898,0.2354424289047942
212,G6BwYw_0_atLPTzI1uokIA,Nacho Daddy,Las Vegas,3.5,0.24138685481220512,0.10083120388651957,0.19114464310138726,0.12306362376009698,0.12289242996664243,0.2206812444731489
213,G9OOkWH5rLHN3DKNPMv1lg,Cafe at Harrah's,Las Vegas,2.0,0.20883889574145262,0.03862782841259082,0.26862878492440717,0.19237759746466274,0.1283624212764685,0.1631644721804182
214,GMefGnN17POrLde1PPBzNg,Outside Inn,Las Vegas,3.0,0.24843828049276542,0.1025221555134216,0.19916141100361348,0.17132158833243832,0.03674930383619434,0.24180726082156687
215,GRWIABHedj1m8DDoAuTIMg,Centerfolds Cabaret LV,Las Vegas,3.5,0.22213077297918926,0.1741355863483116,0.18518446563669289,0.09765750772321466,0.1107379908124623,0.21015367650012928
216,GU0zNpgisY-pV3U2Sfdp6A,Boulevard Bar & Grille,Las Vegas,4.0,0.24788867358071667,0.10410961576523751,0.15566847703887807,0.10569973380225614,0.1480670042412678,0.23856649557164392
217,GUaPe4gw5KhihfPPqhtSIA,TGI Fridays,Las Vegas,2.5,0.30815754663256273,0.10095349466370088,0.17796162792440293,0.11506989787104632,0.07515118038653984,0.22270625252174742
218,Gaq3S9lmjXVcuDCZ8ulppw,Oyshi Sushi,Las Vegas,3.5,0.2648056042444366,0.09792280469476285,0.17495089577112197,0.1167511313241544,0.11520157053079362,0.2303679934347306
219,GjbF1ZEbIpC2KqUbZ7KQWQ,Dynamite Grill,Las Vegas,3.0,0.23401408736947563,0.11299246350715632,0.14798667546749372,0.17467644258721732,0.10925870765145614,0.22107162341720094
220,Gk_KLfwb0GMgKDrP8_0kqg,People's Republic,Las Vegas,3.5,0.19778524716721596,0.0820054518138559,0.24011618008309327,0.15437515812986685,0.08664623804468556,0.23907172476128247
221,Gt4z3AylNTsEPDkzkaC7HA,Stacks & Yolks,Las Vegas,3.5,0.2693982201266655,0.10581857206145777,0.18203693787500336,0.11030725524214029,0.11145573471530988,0.22098327997942327
222,GtHu9uGXpn7Jg_Z7vFKZKw,Meatball Spot,Las Vegas,3.5,0.3202415465974709,0.10059545657536724,0.14849661420223773,0.06691325625171642,0.16910532019863037,0.19464780617457741
223,H-05-lRUJDUNDgYgaw7bXA,IHOP,Las Vegas,2.5,0.2698556760691777,0.09726318403100519,0.13212730315444912,0.15315602319306762,0.1402571477465377,0.20734066580576258
224,H5Y6o9H4rtxbHJFgLqI6Fw,Chili's,Las Vegas,3.0,0.25384891428052636,0.0968543655154282,0.1735320118466279,0.12047335166314199,0.13517309052900447,0.22011826616527108
225,H8qlBw1YaxMsItfz25-AyA,John Cutter,Las Vegas,3.0,0.29763002337330535,0.07686998084092263,0.18271131693169287,0.0770589247681004,0.12389316987309762,0.24183658421288118
226,H8umkLwMkM0vP5B8oPiozQ,Sundance Grill,Las Vegas,3.0,0.25647022666673913,0.10351208180030476,0.20080832697835457,0.12706958514465952,0.11257981166809,0.19955996774185206
